description,name,unit_name,fdc_id,group,amount,portion_name,portion_amount,gram_weight,FdGrp_Cd,FdGrp_desc
"Basil, fresh",Sucrose,g,2044,200,0.0,leaves,5.0,2.5,200,Spices and Herbs
"Basil, fresh",Potassium,mg,2044,200,295.0,leaves,5.0,2.5,200,Spices and Herbs
"Basil, fresh",Proline,g,2044,200,0.104,leaves,5.0,2.5,200,Spices and Herbs
"Basil, fresh",Protein,g,2044,200,3.15,leaves,5.0,2.5,200,Spices and Herbs
"Basil, fresh",Retinol,µg,2044,200,0.0,leaves,5.0,2.5,200,Spices and Herbs
"Basil, fresh",Sodium,mg,2044,200,4.0,leaves,5.0,2.5,200,Spices and Herbs
"Basil, fresh",Selenium,µg,2044,200,0.3,leaves,5.0,2.5,200,Spices and Herbs
"Basil, fresh",Serine,g,2044,200,0.099,leaves,5.0,2.5,200,Spices and Herbs
"Basil, fresh",Phosphorus,mg,2044,200,56.0,leaves,5.0,2.5,200,Spices and Herbs
"Basil, fresh",Riboflavin,mg,2044,200,0.076,leaves,5.0,2.5,200,Spices and Herbs
"Basil, fresh",Phenylalanine,g,2044,200,0.13,leaves,5.0,2.5,200,Spices and Herbs
"Basil, fresh",Leucine,g,2044,200,0.191,leaves,5.0,2.5,200,Spices and Herbs
"Basil, fresh",Niacin,mg,2044,200,0.902,leaves,5.0,2.5,200,Spices and Herbs
"Basil, fresh",Methionine,g,2044,200,0.036,leaves,5.0,2.5,200,Spices and Herbs
"Basil, fresh",Manganese,mg,2044,200,1.148,leaves,5.0,2.5,200,Spices and Herbs
"Basil, fresh",Maltose,g,2044,200,0.0,leaves,5.0,2.5,200,Spices and Herbs
"Basil, fresh",Magnesium,mg,2044,200,64.0,leaves,5.0,2.5,200,Spices and Herbs
"Basil, fresh",Lysine,g,2044,200,0.11,leaves,5.0,2.5,200,Spices and Herbs
"Basil, fresh",Lycopene,µg,2044,200,0.0,leaves,5.0,2.5,200,Spices and Herbs
"Basil, fresh",Lutein + zeaxanthin,µg,2044,200,5650.0,leaves,5.0,2.5,200,Spices and Herbs
"Basil, fresh",Lactose,g,2044,200,0.0,leaves,5.0,2.5,200,Spices and Herbs
"Basil, fresh","Sugars, total",g,2044,200,0.3,leaves,5.0,2.5,200,Spices and Herbs
"Basil, fresh",Pantothenic Acid,mg,2044,200,0.209,leaves,5.0,2.5,200,Spices and Herbs
"Basil, fresh",Theobromine,mg,2044,200,0.0,leaves,5.0,2.5,200,Spices and Herbs
"Basil, fresh",Vitamin E,mg,2044,200,0.8,leaves,5.0,2.5,200,Spices and Herbs
"Basil, fresh",Threonine,g,2044,200,0.104,leaves,5.0,2.5,200,Spices and Herbs
"Basil, fresh",Zinc,mg,2044,200,0.81,leaves,5.0,2.5,200,Spices and Herbs
"Basil, fresh",Vitamin K,µg,2044,200,414.8,leaves,5.0,2.5,200,Spices and Herbs
"Basil, fresh","Vitamin E, added",mg,2044,200,0.0,leaves,5.0,2.5,200,Spices and Herbs
"Basil, fresh",Isoleucine,g,2044,200,0.104,leaves,5.0,2.5,200,Spices and Herbs
"Basil, fresh",Vitamin D,µg,2044,200,0.0,leaves,5.0,2.5,200,Spices and Herbs
"Basil, fresh",Vitamin C,mg,2044,200,18.0,leaves,5.0,2.5,200,Spices and Herbs
"Basil, fresh",Vitamin B-6,mg,2044,200,0.155,leaves,5.0,2.5,200,Spices and Herbs
"Basil, fresh","Vitamin B-12, added",µg,2044,200,0.0,leaves,5.0,2.5,200,Spices and Herbs
"Basil, fresh",Vitamin B-12,µg,2044,200,0.0,leaves,5.0,2.5,200,Spices and Herbs
"Basil, fresh",Vitamin A,µg,2044,200,264.0,leaves,5.0,2.5,200,Spices and Herbs
"Basil, fresh",Valine,g,2044,200,0.127,leaves,5.0,2.5,200,Spices and Herbs
"Basil, fresh",Tyrosine,g,2044,200,0.077,leaves,5.0,2.5,200,Spices and Herbs
"Basil, fresh",Tryptophan,g,2044,200,0.039,leaves,5.0,2.5,200,Spices and Herbs
"Basil, fresh",Total lipid (fat),g,2044,200,0.64,leaves,5.0,2.5,200,Spices and Herbs
"Basil, fresh",Total Water,g,2044,200,92.06,leaves,5.0,2.5,200,Spices and Herbs
"Basil, fresh",Total Fiber,g,2044,200,1.6,leaves,5.0,2.5,200,Spices and Herbs
"Basil, fresh","Tocotrienol, gamma",mg,2044,200,0.0,leaves,5.0,2.5,200,Spices and Herbs
"Basil, fresh","Tocotrienol, delta",mg,2044,200,0.0,leaves,5.0,2.5,200,Spices and Herbs
"Basil, fresh","Tocotrienol, beta",mg,2044,200,0.0,leaves,5.0,2.5,200,Spices and Herbs
"Basil, fresh","Tocotrienol, alpha",mg,2044,200,0.0,leaves,5.0,2.5,200,Spices and Herbs
"Basil, fresh","Tocopherol, gamma",mg,2044,200,0.16,leaves,5.0,2.5,200,Spices and Herbs
"Basil, fresh","Tocopherol, delta",mg,2044,200,0.0,leaves,5.0,2.5,200,Spices and Herbs
"Basil, fresh","Tocopherol, beta",mg,2044,200,0.0,leaves,5.0,2.5,200,Spices and Herbs
"Basil, fresh",Thiamin,mg,2044,200,0.034,leaves,5.0,2.5,200,Spices and Herbs
"Basil, fresh",Iron,mg,2044,200,3.17,leaves,5.0,2.5,200,Spices and Herbs
"Basil, fresh","Folate, DFE",µg,2044,200,68.0,leaves,5.0,2.5,200,Spices and Herbs
"Basil, fresh",Glycine,g,2044,200,0.122,leaves,5.0,2.5,200,Spices and Herbs
"Basil, fresh",Ash,g,2044,200,1.49,leaves,5.0,2.5,200,Spices and Herbs
"Basil, fresh",Arginine,g,2044,200,0.117,leaves,5.0,2.5,200,Spices and Herbs
"Basil, fresh",Alcohol,g,2044,200,0.0,leaves,5.0,2.5,200,Spices and Herbs
"Basil, fresh",Alanine,g,2044,200,0.132,leaves,5.0,2.5,200,Spices and Herbs
"Basil, fresh",22:6 n-3 (DHA),g,2044,200,0.0,leaves,5.0,2.5,200,Spices and Herbs
"Basil, fresh",22:5 n-3 (DPA),g,2044,200,0.0,leaves,5.0,2.5,200,Spices and Herbs
"Basil, fresh",22:1 undifferentiated,g,2044,200,0.0,leaves,5.0,2.5,200,Spices and Herbs
"Basil, fresh",20:5 n-3 (EPA),g,2044,200,0.0,leaves,5.0,2.5,200,Spices and Herbs
"Basil, fresh",20:4 undifferentiated,g,2044,200,0.0,leaves,5.0,2.5,200,Spices and Herbs
"Basil, fresh",20:01,g,2044,200,0.0,leaves,5.0,2.5,200,Spices and Herbs
"Basil, fresh",18:3 undifferentiated,g,2044,200,0.316,leaves,5.0,2.5,200,Spices and Herbs
"Basil, fresh",Histidine,g,2044,200,0.051,leaves,5.0,2.5,200,Spices and Herbs
"Basil, fresh",18:1 undifferentiated,g,2044,200,0.088,leaves,5.0,2.5,200,Spices and Herbs
"Basil, fresh",18:04,g,2044,200,0.0,leaves,5.0,2.5,200,Spices and Herbs
"Basil, fresh",18:00,g,2044,200,0.005,leaves,5.0,2.5,200,Spices and Herbs
"Basil, fresh",16:1 undifferentiated,g,2044,200,0.0,leaves,5.0,2.5,200,Spices and Herbs
"Basil, fresh",16:00,g,2044,200,0.036,leaves,5.0,2.5,200,Spices and Herbs
"Basil, fresh",14:00,g,2044,200,0.0,leaves,5.0,2.5,200,Spices and Herbs
"Basil, fresh",12:00,g,2044,200,0.0,leaves,5.0,2.5,200,Spices and Herbs
"Basil, fresh",10:00,g,2044,200,0.0,leaves,5.0,2.5,200,Spices and Herbs
"Basil, fresh",08:00,g,2044,200,0.0,leaves,5.0,2.5,200,Spices and Herbs
"Basil, fresh",06:00,g,2044,200,0.0,leaves,5.0,2.5,200,Spices and Herbs
"Basil, fresh",04:00,g,2044,200,0.0,leaves,5.0,2.5,200,Spices and Herbs
"Basil, fresh",Aspartic acid,g,2044,200,0.301,leaves,5.0,2.5,200,Spices and Herbs
"Basil, fresh",Betaine,mg,2044,200,0.4,leaves,5.0,2.5,200,Spices and Herbs
"Basil, fresh",18:2 undifferentiated,g,2044,200,0.073,leaves,5.0,2.5,200,Spices and Herbs
"Basil, fresh",Calcium,mg,2044,200,177.0,leaves,5.0,2.5,200,Spices and Herbs
"Basil, fresh",Caffeine,mg,2044,200,0.0,leaves,5.0,2.5,200,Spices and Herbs
"Basil, fresh",Glutamic acid,g,2044,200,0.277,leaves,5.0,2.5,200,Spices and Herbs
"Basil, fresh",Glucose (dextrose),g,2044,200,0.02,leaves,5.0,2.5,200,Spices and Herbs
"Basil, fresh",Galactose,g,2044,200,0.27,leaves,5.0,2.5,200,Spices and Herbs
"Basil, fresh",Fructose,g,2044,200,0.02,leaves,5.0,2.5,200,Spices and Herbs
"Basil, fresh",Folic acid,µg,2044,200,0.0,leaves,5.0,2.5,200,Spices and Herbs
"Basil, fresh",Folate,µg,2044,200,68.0,leaves,5.0,2.5,200,Spices and Herbs
"Basil, fresh","Fatty acids, total trans",g,2044,200,0.0,leaves,5.0,2.5,200,Spices and Herbs
"Basil, fresh","Fatty acids, total saturated",g,2044,200,0.041,leaves,5.0,2.5,200,Spices and Herbs
"Basil, fresh","Fatty acids, total polyunsaturated",g,2044,200,0.389,leaves,5.0,2.5,200,Spices and Herbs
"Basil, fresh","Fatty acids, total monounsaturated",g,2044,200,0.088,leaves,5.0,2.5,200,Spices and Herbs
"Basil, fresh","Folate, food",µg,2044,200,68.0,leaves,5.0,2.5,200,Spices and Herbs
"Basil, fresh",Energy,kJ,2044,200,94.0,leaves,5.0,2.5,200,Spices and Herbs
"Basil, fresh",Dihydrophylloquinone,µg,2044,200,0.0,leaves,5.0,2.5,200,Spices and Herbs
"Basil, fresh",Cystine,g,2044,200,0.028,leaves,5.0,2.5,200,Spices and Herbs
"Basil, fresh","Cryptoxanthin, beta",µg,2044,200,46.0,leaves,5.0,2.5,200,Spices and Herbs
"Basil, fresh",Copper,mg,2044,200,0.385,leaves,5.0,2.5,200,Spices and Herbs
"Basil, fresh",Choline,mg,2044,200,11.4,leaves,5.0,2.5,200,Spices and Herbs
"Basil, fresh",Cholesterol,mg,2044,200,0.0,leaves,5.0,2.5,200,Spices and Herbs
"Basil, fresh","Carotene, beta",µg,2044,200,3142.0,leaves,5.0,2.5,200,Spices and Herbs
"Basil, fresh","Carotene, alpha",µg,2044,200,0.0,leaves,5.0,2.5,200,Spices and Herbs
"Basil, fresh",Energy,kcal,2044,200,23.0,leaves,5.0,2.5,200,Spices and Herbs
"Basil, fresh",Carbohydrate,g,2044,200,2.65,leaves,5.0,2.5,200,Spices and Herbs
"Capers, canned",Retinol,µg,2054,200,0.0,"tbsp, drained",1.0,8.6,200,Spices and Herbs
"Capers, canned",Protein,g,2054,200,2.36,"tbsp, drained",1.0,8.6,200,Spices and Herbs
"Capers, canned",Potassium,mg,2054,200,40.0,"tbsp, drained",1.0,8.6,200,Spices and Herbs
"Capers, canned",Phytosterols,mg,2054,200,48.0,"tbsp, drained",1.0,8.6,200,Spices and Herbs
"Capers, canned",Phosphorus,mg,2054,200,10.0,"tbsp, drained",1.0,8.6,200,Spices and Herbs
"Capers, canned",Pantothenic Acid,mg,2054,200,0.027,"tbsp, drained",1.0,8.6,200,Spices and Herbs
"Capers, canned",Magnesium,mg,2054,200,33.0,"tbsp, drained",1.0,8.6,200,Spices and Herbs
"Capers, canned",Manganese,mg,2054,200,0.078,"tbsp, drained",1.0,8.6,200,Spices and Herbs
"Capers, canned",Lycopene,µg,2054,200,0.0,"tbsp, drained",1.0,8.6,200,Spices and Herbs
"Capers, canned",Lutein + zeaxanthin,µg,2054,200,0.0,"tbsp, drained",1.0,8.6,200,Spices and Herbs
"Capers, canned",Folic acid,µg,2054,200,0.0,"tbsp, drained",1.0,8.6,200,Spices and Herbs
"Capers, canned","Folate, food",µg,2054,200,23.0,"tbsp, drained",1.0,8.6,200,Spices and Herbs
"Capers, canned",Riboflavin,mg,2054,200,0.139,"tbsp, drained",1.0,8.6,200,Spices and Herbs
"Capers, canned","Folate, DFE",µg,2054,200,23.0,"tbsp, drained",1.0,8.6,200,Spices and Herbs
"Capers, canned",Niacin,mg,2054,200,0.652,"tbsp, drained",1.0,8.6,200,Spices and Herbs
"Capers, canned",Selenium,µg,2054,200,1.2,"tbsp, drained",1.0,8.6,200,Spices and Herbs
"Capers, canned",Vitamin A,µg,2054,200,7.0,"tbsp, drained",1.0,8.6,200,Spices and Herbs
"Capers, canned","Sugars, total",g,2054,200,0.41,"tbsp, drained",1.0,8.6,200,Spices and Herbs
"Capers, canned",Folate,µg,2054,200,23.0,"tbsp, drained",1.0,8.6,200,Spices and Herbs
"Capers, canned",Zinc,mg,2054,200,0.32,"tbsp, drained",1.0,8.6,200,Spices and Herbs
"Capers, canned",Vitamin K,µg,2054,200,24.6,"tbsp, drained",1.0,8.6,200,Spices and Herbs
"Capers, canned","Vitamin E, added",mg,2054,200,0.0,"tbsp, drained",1.0,8.6,200,Spices and Herbs
"Capers, canned",Vitamin E,mg,2054,200,0.88,"tbsp, drained",1.0,8.6,200,Spices and Herbs
"Capers, canned",Vitamin D,µg,2054,200,0.0,"tbsp, drained",1.0,8.6,200,Spices and Herbs
"Capers, canned",Vitamin C,mg,2054,200,4.3,"tbsp, drained",1.0,8.6,200,Spices and Herbs
"Capers, canned",Vitamin B-6,mg,2054,200,0.023,"tbsp, drained",1.0,8.6,200,Spices and Herbs
"Capers, canned","Vitamin B-12, added",µg,2054,200,0.0,"tbsp, drained",1.0,8.6,200,Spices and Herbs
"Capers, canned",Vitamin B-12,µg,2054,200,0.0,"tbsp, drained",1.0,8.6,200,Spices and Herbs
"Capers, canned",Total lipid (fat),g,2054,200,0.86,"tbsp, drained",1.0,8.6,200,Spices and Herbs
"Capers, canned",Total Water,g,2054,200,83.85,"tbsp, drained",1.0,8.6,200,Spices and Herbs
"Capers, canned",Total Fiber,g,2054,200,3.2,"tbsp, drained",1.0,8.6,200,Spices and Herbs
"Capers, canned",Thiamin,mg,2054,200,0.018,"tbsp, drained",1.0,8.6,200,Spices and Herbs
"Capers, canned",Theobromine,mg,2054,200,0.0,"tbsp, drained",1.0,8.6,200,Spices and Herbs
"Capers, canned",Sodium,mg,2054,200,2348.0,"tbsp, drained",1.0,8.6,200,Spices and Herbs
"Capers, canned","Fatty acids, total trans",g,2054,200,0.0,"tbsp, drained",1.0,8.6,200,Spices and Herbs
"Capers, canned",Iron,mg,2054,200,1.67,"tbsp, drained",1.0,8.6,200,Spices and Herbs
"Capers, canned","Fatty acids, total polyunsaturated",g,2054,200,0.304,"tbsp, drained",1.0,8.6,200,Spices and Herbs
"Capers, canned",20:4 undifferentiated,g,2054,200,0.002,"tbsp, drained",1.0,8.6,200,Spices and Herbs
"Capers, canned",20:01,g,2054,200,0.001,"tbsp, drained",1.0,8.6,200,Spices and Herbs
"Capers, canned",18:3 undifferentiated,g,2054,200,0.183,"tbsp, drained",1.0,8.6,200,Spices and Herbs
"Capers, canned",18:2 undifferentiated,g,2054,200,0.111,"tbsp, drained",1.0,8.6,200,Spices and Herbs
"Capers, canned",18:1 undifferentiated,g,2054,200,0.057,"tbsp, drained",1.0,8.6,200,Spices and Herbs
"Capers, canned",18:04,g,2054,200,0.0,"tbsp, drained",1.0,8.6,200,Spices and Herbs
"Capers, canned",18:00,g,2054,200,0.036,"tbsp, drained",1.0,8.6,200,Spices and Herbs
"Capers, canned",16:1 undifferentiated,g,2054,200,0.004,"tbsp, drained",1.0,8.6,200,Spices and Herbs
"Capers, canned",16:00,g,2054,200,0.17,"tbsp, drained",1.0,8.6,200,Spices and Herbs
"Capers, canned",14:00,g,2054,200,0.001,"tbsp, drained",1.0,8.6,200,Spices and Herbs
"Capers, canned",12:00,g,2054,200,0.0,"tbsp, drained",1.0,8.6,200,Spices and Herbs
"Capers, canned",10:00,g,2054,200,0.0,"tbsp, drained",1.0,8.6,200,Spices and Herbs
"Capers, canned",08:00,g,2054,200,0.0,"tbsp, drained",1.0,8.6,200,Spices and Herbs
"Capers, canned",06:00,g,2054,200,0.0,"tbsp, drained",1.0,8.6,200,Spices and Herbs
"Capers, canned",04:00,g,2054,200,0.0,"tbsp, drained",1.0,8.6,200,Spices and Herbs
"Capers, canned",20:5 n-3 (EPA),g,2054,200,0.0,"tbsp, drained",1.0,8.6,200,Spices and Herbs
"Capers, canned",22:1 undifferentiated,g,2054,200,0.0,"tbsp, drained",1.0,8.6,200,Spices and Herbs
"Capers, canned","Fatty acids, total saturated",g,2054,200,0.233,"tbsp, drained",1.0,8.6,200,Spices and Herbs
"Capers, canned",22:6 n-3 (DHA),g,2054,200,0.0,"tbsp, drained",1.0,8.6,200,Spices and Herbs
"Capers, canned",22:5 n-3 (DPA),g,2054,200,0.001,"tbsp, drained",1.0,8.6,200,Spices and Herbs
"Capers, canned","Fatty acids, total monounsaturated",g,2054,200,0.063,"tbsp, drained",1.0,8.6,200,Spices and Herbs
"Capers, canned",Energy,kcal,2054,200,23.0,"tbsp, drained",1.0,8.6,200,Spices and Herbs
"Capers, canned",Energy,kJ,2054,200,96.0,"tbsp, drained",1.0,8.6,200,Spices and Herbs
"Capers, canned",Copper,mg,2054,200,0.374,"tbsp, drained",1.0,8.6,200,Spices and Herbs
"Capers, canned",Choline,mg,2054,200,6.5,"tbsp, drained",1.0,8.6,200,Spices and Herbs
"Capers, canned",Cholesterol,mg,2054,200,0.0,"tbsp, drained",1.0,8.6,200,Spices and Herbs
"Capers, canned","Cryptoxanthin, beta",µg,2054,200,0.0,"tbsp, drained",1.0,8.6,200,Spices and Herbs
"Capers, canned","Carotene, alpha",µg,2054,200,0.0,"tbsp, drained",1.0,8.6,200,Spices and Herbs
"Capers, canned",Carbohydrate,g,2054,200,4.89,"tbsp, drained",1.0,8.6,200,Spices and Herbs
"Capers, canned",Calcium,mg,2054,200,40.0,"tbsp, drained",1.0,8.6,200,Spices and Herbs
"Capers, canned",Caffeine,mg,2054,200,0.0,"tbsp, drained",1.0,8.6,200,Spices and Herbs
"Capers, canned",Ash,g,2054,200,8.04,"tbsp, drained",1.0,8.6,200,Spices and Herbs
"Capers, canned",Alcohol,g,2054,200,0.0,"tbsp, drained",1.0,8.6,200,Spices and Herbs
"Capers, canned","Carotene, beta",µg,2054,200,83.0,"tbsp, drained",1.0,8.6,200,Spices and Herbs
"Dill weed, fresh",Retinol,µg,2045,200,0.0,sprigs,5.0,1.0,200,Spices and Herbs
"Dill weed, fresh",Protein,g,2045,200,3.46,sprigs,5.0,1.0,200,Spices and Herbs
"Dill weed, fresh",Proline,g,2045,200,0.248,sprigs,5.0,1.0,200,Spices and Herbs
"Dill weed, fresh",Potassium,mg,2045,200,738.0,sprigs,5.0,1.0,200,Spices and Herbs
"Dill weed, fresh",Lysine,g,2045,200,0.246,sprigs,5.0,1.0,200,Spices and Herbs
"Dill weed, fresh",Phosphorus,mg,2045,200,66.0,sprigs,5.0,1.0,200,Spices and Herbs
"Dill weed, fresh",Niacin,mg,2045,200,1.57,sprigs,5.0,1.0,200,Spices and Herbs
"Dill weed, fresh",Pantothenic Acid,mg,2045,200,0.397,sprigs,5.0,1.0,200,Spices and Herbs
"Dill weed, fresh",Methionine,g,2045,200,0.011,sprigs,5.0,1.0,200,Spices and Herbs
"Dill weed, fresh",Manganese,mg,2045,200,1.264,sprigs,5.0,1.0,200,Spices and Herbs
"Dill weed, fresh",Magnesium,mg,2045,200,55.0,sprigs,5.0,1.0,200,Spices and Herbs
"Dill weed, fresh",Riboflavin,mg,2045,200,0.296,sprigs,5.0,1.0,200,Spices and Herbs
"Dill weed, fresh",Phenylalanine,g,2045,200,0.065,sprigs,5.0,1.0,200,Spices and Herbs
"Dill weed, fresh",Serine,g,2045,200,0.158,sprigs,5.0,1.0,200,Spices and Herbs
"Dill weed, fresh",Tyrosine,g,2045,200,0.096,sprigs,5.0,1.0,200,Spices and Herbs
"Dill weed, fresh",Thiamin,mg,2045,200,0.058,sprigs,5.0,1.0,200,Spices and Herbs
"Dill weed, fresh",Threonine,g,2045,200,0.068,sprigs,5.0,1.0,200,Spices and Herbs
"Dill weed, fresh",Total Fiber,g,2045,200,2.1,sprigs,5.0,1.0,200,Spices and Herbs
"Dill weed, fresh",Total Water,g,2045,200,85.95,sprigs,5.0,1.0,200,Spices and Herbs
"Dill weed, fresh",Total lipid (fat),g,2045,200,1.12,sprigs,5.0,1.0,200,Spices and Herbs
"Dill weed, fresh",Tryptophan,g,2045,200,0.014,sprigs,5.0,1.0,200,Spices and Herbs
"Dill weed, fresh",Valine,g,2045,200,0.154,sprigs,5.0,1.0,200,Spices and Herbs
"Dill weed, fresh",Vitamin A,µg,2045,200,386.0,sprigs,5.0,1.0,200,Spices and Herbs
"Dill weed, fresh",Vitamin B-12,µg,2045,200,0.0,sprigs,5.0,1.0,200,Spices and Herbs
"Dill weed, fresh",Vitamin B-6,mg,2045,200,0.185,sprigs,5.0,1.0,200,Spices and Herbs
"Dill weed, fresh",Vitamin C,mg,2045,200,85.0,sprigs,5.0,1.0,200,Spices and Herbs
"Dill weed, fresh",Vitamin D,µg,2045,200,0.0,sprigs,5.0,1.0,200,Spices and Herbs
"Dill weed, fresh",Zinc,mg,2045,200,0.91,sprigs,5.0,1.0,200,Spices and Herbs
"Dill weed, fresh",Leucine,g,2045,200,0.159,sprigs,5.0,1.0,200,Spices and Herbs
"Dill weed, fresh",Sodium,mg,2045,200,61.0,sprigs,5.0,1.0,200,Spices and Herbs
"Dill weed, fresh",Isoleucine,g,2045,200,0.195,sprigs,5.0,1.0,200,Spices and Herbs
"Dill weed, fresh","Fatty acids, total trans",g,2045,200,0.0,sprigs,5.0,1.0,200,Spices and Herbs
"Dill weed, fresh",Histidine,g,2045,200,0.071,sprigs,5.0,1.0,200,Spices and Herbs
"Dill weed, fresh",Iron,mg,2045,200,6.59,sprigs,5.0,1.0,200,Spices and Herbs
"Dill weed, fresh",12:00,g,2045,200,0.001,sprigs,5.0,1.0,200,Spices and Herbs
"Dill weed, fresh",14:00,g,2045,200,0.001,sprigs,5.0,1.0,200,Spices and Herbs
"Dill weed, fresh",16:00,g,2045,200,0.049,sprigs,5.0,1.0,200,Spices and Herbs
"Dill weed, fresh",16:1 undifferentiated,g,2045,200,0.004,sprigs,5.0,1.0,200,Spices and Herbs
"Dill weed, fresh",18:1 undifferentiated,g,2045,200,0.798,sprigs,5.0,1.0,200,Spices and Herbs
"Dill weed, fresh",18:2 undifferentiated,g,2045,200,0.082,sprigs,5.0,1.0,200,Spices and Herbs
"Dill weed, fresh",18:3 undifferentiated,g,2045,200,0.013,sprigs,5.0,1.0,200,Spices and Herbs
"Dill weed, fresh",Alanine,g,2045,200,0.227,sprigs,5.0,1.0,200,Spices and Herbs
"Dill weed, fresh",Arginine,g,2045,200,0.142,sprigs,5.0,1.0,200,Spices and Herbs
"Dill weed, fresh",Ash,g,2045,200,2.45,sprigs,5.0,1.0,200,Spices and Herbs
"Dill weed, fresh",Aspartic acid,g,2045,200,0.343,sprigs,5.0,1.0,200,Spices and Herbs
"Dill weed, fresh",Calcium,mg,2045,200,208.0,sprigs,5.0,1.0,200,Spices and Herbs
"Dill weed, fresh",Carbohydrate,g,2045,200,7.02,sprigs,5.0,1.0,200,Spices and Herbs
"Dill weed, fresh",18:00,g,2045,200,0.009,sprigs,5.0,1.0,200,Spices and Herbs
"Dill weed, fresh",Copper,mg,2045,200,0.146,sprigs,5.0,1.0,200,Spices and Herbs
"Dill weed, fresh",Glycine,g,2045,200,0.169,sprigs,5.0,1.0,200,Spices and Herbs
"Dill weed, fresh",Cholesterol,mg,2045,200,0.0,sprigs,5.0,1.0,200,Spices and Herbs
"Dill weed, fresh",Glutamic acid,g,2045,200,0.29,sprigs,5.0,1.0,200,Spices and Herbs
"Dill weed, fresh",Folic acid,µg,2045,200,0.0,sprigs,5.0,1.0,200,Spices and Herbs
"Dill weed, fresh","Folate, DFE",µg,2045,200,150.0,sprigs,5.0,1.0,200,Spices and Herbs
"Dill weed, fresh",Folate,µg,2045,200,150.0,sprigs,5.0,1.0,200,Spices and Herbs
"Dill weed, fresh","Folate, food",µg,2045,200,150.0,sprigs,5.0,1.0,200,Spices and Herbs
"Dill weed, fresh","Fatty acids, total saturated",g,2045,200,0.06,sprigs,5.0,1.0,200,Spices and Herbs
"Dill weed, fresh","Fatty acids, total polyunsaturated",g,2045,200,0.095,sprigs,5.0,1.0,200,Spices and Herbs
"Dill weed, fresh","Fatty acids, total monounsaturated",g,2045,200,0.802,sprigs,5.0,1.0,200,Spices and Herbs
"Dill weed, fresh",Energy,kcal,2045,200,43.0,sprigs,5.0,1.0,200,Spices and Herbs
"Dill weed, fresh",Energy,kJ,2045,200,180.0,sprigs,5.0,1.0,200,Spices and Herbs
"Dill weed, fresh",Cystine,g,2045,200,0.017,sprigs,5.0,1.0,200,Spices and Herbs
"Horseradish, prepared",Phosphorus,mg,2055,200,31.0,tsp,1.0,5.0,200,Spices and Herbs
"Horseradish, prepared",Riboflavin,mg,2055,200,0.024,tsp,1.0,5.0,200,Spices and Herbs
"Horseradish, prepared",Retinol,µg,2055,200,0.0,tsp,1.0,5.0,200,Spices and Herbs
"Horseradish, prepared",Protein,g,2055,200,1.18,tsp,1.0,5.0,200,Spices and Herbs
"Horseradish, prepared",Potassium,mg,2055,200,246.0,tsp,1.0,5.0,200,Spices and Herbs
"Horseradish, prepared",Phytosterols,mg,2055,200,9.0,tsp,1.0,5.0,200,Spices and Herbs
"Horseradish, prepared",Pantothenic Acid,mg,2055,200,0.093,tsp,1.0,5.0,200,Spices and Herbs
"Horseradish, prepared",Iron,mg,2055,200,0.42,tsp,1.0,5.0,200,Spices and Herbs
"Horseradish, prepared",Manganese,mg,2055,200,0.126,tsp,1.0,5.0,200,Spices and Herbs
"Horseradish, prepared",Magnesium,mg,2055,200,27.0,tsp,1.0,5.0,200,Spices and Herbs
"Horseradish, prepared",Lycopene,µg,2055,200,0.0,tsp,1.0,5.0,200,Spices and Herbs
"Horseradish, prepared",Lutein + zeaxanthin,µg,2055,200,10.0,tsp,1.0,5.0,200,Spices and Herbs
"Horseradish, prepared",Selenium,µg,2055,200,2.8,tsp,1.0,5.0,200,Spices and Herbs
"Horseradish, prepared",Folic acid,µg,2055,200,0.0,tsp,1.0,5.0,200,Spices and Herbs
"Horseradish, prepared","Folate, food",µg,2055,200,57.0,tsp,1.0,5.0,200,Spices and Herbs
"Horseradish, prepared",Niacin,mg,2055,200,0.386,tsp,1.0,5.0,200,Spices and Herbs
"Horseradish, prepared",Sodium,mg,2055,200,420.0,tsp,1.0,5.0,200,Spices and Herbs
"Horseradish, prepared",Total lipid (fat),g,2055,200,0.69,tsp,1.0,5.0,200,Spices and Herbs
"Horseradish, prepared","Sugars, total",g,2055,200,7.99,tsp,1.0,5.0,200,Spices and Herbs
"Horseradish, prepared","Folate, DFE",µg,2055,200,57.0,tsp,1.0,5.0,200,Spices and Herbs
"Horseradish, prepared",Zinc,mg,2055,200,0.83,tsp,1.0,5.0,200,Spices and Herbs
"Horseradish, prepared",Vitamin K,µg,2055,200,1.3,tsp,1.0,5.0,200,Spices and Herbs
"Horseradish, prepared","Vitamin E, added",mg,2055,200,0.0,tsp,1.0,5.0,200,Spices and Herbs
"Horseradish, prepared",Vitamin E,mg,2055,200,0.01,tsp,1.0,5.0,200,Spices and Herbs
"Horseradish, prepared",Vitamin D,µg,2055,200,0.0,tsp,1.0,5.0,200,Spices and Herbs
"Horseradish, prepared",Vitamin C,mg,2055,200,24.9,tsp,1.0,5.0,200,Spices and Herbs
"Horseradish, prepared",Vitamin B-6,mg,2055,200,0.073,tsp,1.0,5.0,200,Spices and Herbs
"Horseradish, prepared","Vitamin B-12, added",µg,2055,200,0.0,tsp,1.0,5.0,200,Spices and Herbs
"Horseradish, prepared",Vitamin B-12,µg,2055,200,0.0,tsp,1.0,5.0,200,Spices and Herbs
"Horseradish, prepared",Vitamin A,µg,2055,200,0.0,tsp,1.0,5.0,200,Spices and Herbs
"Horseradish, prepared",Total Water,g,2055,200,85.08,tsp,1.0,5.0,200,Spices and Herbs
"Horseradish, prepared",Total Fiber,g,2055,200,3.3,tsp,1.0,5.0,200,Spices and Herbs
"Horseradish, prepared",Thiamin,mg,2055,200,0.008,tsp,1.0,5.0,200,Spices and Herbs
"Horseradish, prepared",Theobromine,mg,2055,200,0.0,tsp,1.0,5.0,200,Spices and Herbs
"Horseradish, prepared",Starch,g,2055,200,0.0,tsp,1.0,5.0,200,Spices and Herbs
"Horseradish, prepared",Folate,µg,2055,200,57.0,tsp,1.0,5.0,200,Spices and Herbs
"Horseradish, prepared",22:1 undifferentiated,g,2055,200,0.001,tsp,1.0,5.0,200,Spices and Herbs
"Horseradish, prepared","Fatty acids, total saturated",g,2055,200,0.09,tsp,1.0,5.0,200,Spices and Herbs
"Horseradish, prepared",20:01,g,2055,200,0.001,tsp,1.0,5.0,200,Spices and Herbs
"Horseradish, prepared",18:3 undifferentiated,g,2055,200,0.053,tsp,1.0,5.0,200,Spices and Herbs
"Horseradish, prepared",18:2 undifferentiated,g,2055,200,0.285,tsp,1.0,5.0,200,Spices and Herbs
"Horseradish, prepared",18:1 undifferentiated,g,2055,200,0.127,tsp,1.0,5.0,200,Spices and Herbs
"Horseradish, prepared",18:04,g,2055,200,0.0,tsp,1.0,5.0,200,Spices and Herbs
"Horseradish, prepared",18:00,g,2055,200,0.021,tsp,1.0,5.0,200,Spices and Herbs
"Horseradish, prepared",20:5 n-3 (EPA),g,2055,200,0.0,tsp,1.0,5.0,200,Spices and Herbs
"Horseradish, prepared",16:1 undifferentiated,g,2055,200,0.001,tsp,1.0,5.0,200,Spices and Herbs
"Horseradish, prepared",14:00,g,2055,200,0.001,tsp,1.0,5.0,200,Spices and Herbs
"Horseradish, prepared",12:00,g,2055,200,0.002,tsp,1.0,5.0,200,Spices and Herbs
"Horseradish, prepared",10:00,g,2055,200,0.0,tsp,1.0,5.0,200,Spices and Herbs
"Horseradish, prepared",08:00,g,2055,200,0.0,tsp,1.0,5.0,200,Spices and Herbs
"Horseradish, prepared",06:00,g,2055,200,0.0,tsp,1.0,5.0,200,Spices and Herbs
"Horseradish, prepared",04:00,g,2055,200,0.0,tsp,1.0,5.0,200,Spices and Herbs
"Horseradish, prepared",16:00,g,2055,200,0.061,tsp,1.0,5.0,200,Spices and Herbs
"Horseradish, prepared","Fatty acids, total trans",g,2055,200,0.0,tsp,1.0,5.0,200,Spices and Herbs
"Horseradish, prepared",20:4 undifferentiated,g,2055,200,0.0,tsp,1.0,5.0,200,Spices and Herbs
"Horseradish, prepared",22:6 n-3 (DHA),g,2055,200,0.0,tsp,1.0,5.0,200,Spices and Herbs
"Horseradish, prepared","Fatty acids, total polyunsaturated",g,2055,200,0.339,tsp,1.0,5.0,200,Spices and Herbs
"Horseradish, prepared","Fatty acids, total monounsaturated",g,2055,200,0.13,tsp,1.0,5.0,200,Spices and Herbs
"Horseradish, prepared",Energy,kcal,2055,200,48.0,tsp,1.0,5.0,200,Spices and Herbs
"Horseradish, prepared",Energy,kJ,2055,200,201.0,tsp,1.0,5.0,200,Spices and Herbs
"Horseradish, prepared","Cryptoxanthin, beta",µg,2055,200,0.0,tsp,1.0,5.0,200,Spices and Herbs
"Horseradish, prepared",22:5 n-3 (DPA),g,2055,200,0.0,tsp,1.0,5.0,200,Spices and Herbs
"Horseradish, prepared",Choline,mg,2055,200,6.5,tsp,1.0,5.0,200,Spices and Herbs
"Horseradish, prepared",Cholesterol,mg,2055,200,0.0,tsp,1.0,5.0,200,Spices and Herbs
"Horseradish, prepared",Copper,mg,2055,200,0.058,tsp,1.0,5.0,200,Spices and Herbs
"Horseradish, prepared","Carotene, alpha",µg,2055,200,0.0,tsp,1.0,5.0,200,Spices and Herbs
"Horseradish, prepared",Carbohydrate,g,2055,200,11.29,tsp,1.0,5.0,200,Spices and Herbs
"Horseradish, prepared",Calcium,mg,2055,200,56.0,tsp,1.0,5.0,200,Spices and Herbs
"Horseradish, prepared",Caffeine,mg,2055,200,0.0,tsp,1.0,5.0,200,Spices and Herbs
"Horseradish, prepared",Ash,g,2055,200,1.76,tsp,1.0,5.0,200,Spices and Herbs
"Horseradish, prepared",Alcohol,g,2055,200,0.0,tsp,1.0,5.0,200,Spices and Herbs
"Horseradish, prepared","Carotene, beta",µg,2055,200,1.0,tsp,1.0,5.0,200,Spices and Herbs
"Mustard, prepared, yellow",Manganese,mg,2046,200,0.422,tsp or 1 packet,1.0,5.0,200,Spices and Herbs
"Mustard, prepared, yellow",Magnesium,mg,2046,200,48.0,tsp or 1 packet,1.0,5.0,200,Spices and Herbs
"Mustard, prepared, yellow",Lysine,g,2046,200,0.264,tsp or 1 packet,1.0,5.0,200,Spices and Herbs
"Mustard, prepared, yellow",Maltose,g,2046,200,0.0,tsp or 1 packet,1.0,5.0,200,Spices and Herbs
"Mustard, prepared, yellow",Menaquinone-4,µg,2046,200,0.0,tsp or 1 packet,1.0,5.0,200,Spices and Herbs
"Mustard, prepared, yellow",Potassium,mg,2046,200,152.0,tsp or 1 packet,1.0,5.0,200,Spices and Herbs
"Mustard, prepared, yellow",Niacin,mg,2046,200,0.565,tsp or 1 packet,1.0,5.0,200,Spices and Herbs
"Mustard, prepared, yellow",Pantothenic Acid,mg,2046,200,0.254,tsp or 1 packet,1.0,5.0,200,Spices and Herbs
"Mustard, prepared, yellow",Phenylalanine,g,2046,200,0.161,tsp or 1 packet,1.0,5.0,200,Spices and Herbs
"Mustard, prepared, yellow",Phosphorus,mg,2046,200,108.0,tsp or 1 packet,1.0,5.0,200,Spices and Herbs
"Mustard, prepared, yellow",Lycopene,µg,2046,200,0.0,tsp or 1 packet,1.0,5.0,200,Spices and Herbs
"Mustard, prepared, yellow",Proline,g,2046,200,0.355,tsp or 1 packet,1.0,5.0,200,Spices and Herbs
"Mustard, prepared, yellow",Methionine,g,2046,200,0.076,tsp or 1 packet,1.0,5.0,200,Spices and Herbs
"Mustard, prepared, yellow",Lutein + zeaxanthin,µg,2046,200,113.0,tsp or 1 packet,1.0,5.0,200,Spices and Herbs
"Mustard, prepared, yellow","Folate, DFE",µg,2046,200,7.0,tsp or 1 packet,1.0,5.0,200,Spices and Herbs
"Mustard, prepared, yellow",Lactose,g,2046,200,0.0,tsp or 1 packet,1.0,5.0,200,Spices and Herbs
"Mustard, prepared, yellow",Fluoride,µg,2046,200,1.5,tsp or 1 packet,1.0,5.0,200,Spices and Herbs
"Mustard, prepared, yellow",Folate,µg,2046,200,7.0,tsp or 1 packet,1.0,5.0,200,Spices and Herbs
"Mustard, prepared, yellow",Protein,g,2046,200,3.74,tsp or 1 packet,1.0,5.0,200,Spices and Herbs
"Mustard, prepared, yellow","Folate, food",µg,2046,200,7.0,tsp or 1 packet,1.0,5.0,200,Spices and Herbs
"Mustard, prepared, yellow",Folic acid,µg,2046,200,0.0,tsp or 1 packet,1.0,5.0,200,Spices and Herbs
"Mustard, prepared, yellow",Fructose,g,2046,200,0.23,tsp or 1 packet,1.0,5.0,200,Spices and Herbs
"Mustard, prepared, yellow",Leucine,g,2046,200,0.292,tsp or 1 packet,1.0,5.0,200,Spices and Herbs
"Mustard, prepared, yellow",Galactose,g,2046,200,0.0,tsp or 1 packet,1.0,5.0,200,Spices and Herbs
"Mustard, prepared, yellow",Glutamic acid,g,2046,200,0.724,tsp or 1 packet,1.0,5.0,200,Spices and Herbs
"Mustard, prepared, yellow",Glycine,g,2046,200,0.228,tsp or 1 packet,1.0,5.0,200,Spices and Herbs
"Mustard, prepared, yellow",Histidine,g,2046,200,0.119,tsp or 1 packet,1.0,5.0,200,Spices and Herbs
"Mustard, prepared, yellow",Hydroxyproline,g,2046,200,0.0,tsp or 1 packet,1.0,5.0,200,Spices and Herbs
"Mustard, prepared, yellow",Iron,mg,2046,200,1.61,tsp or 1 packet,1.0,5.0,200,Spices and Herbs
"Mustard, prepared, yellow",Isoleucine,g,2046,200,0.146,tsp or 1 packet,1.0,5.0,200,Spices and Herbs
"Mustard, prepared, yellow",Glucose (dextrose),g,2046,200,0.47,tsp or 1 packet,1.0,5.0,200,Spices and Herbs
"Mustard, prepared, yellow",Retinol,µg,2046,200,0.0,tsp or 1 packet,1.0,5.0,200,Spices and Herbs
"Mustard, prepared, yellow","Tocotrienol, alpha",mg,2046,200,0.02,tsp or 1 packet,1.0,5.0,200,Spices and Herbs
"Mustard, prepared, yellow",Selenium,µg,2046,200,33.5,tsp or 1 packet,1.0,5.0,200,Spices and Herbs
"Mustard, prepared, yellow","Fatty acids, total trans-polyenoic",g,2046,200,0.005,tsp or 1 packet,1.0,5.0,200,Spices and Herbs
"Mustard, prepared, yellow",Vitamin K,µg,2046,200,1.4,tsp or 1 packet,1.0,5.0,200,Spices and Herbs
"Mustard, prepared, yellow","Vitamin E, added",mg,2046,200,0.0,tsp or 1 packet,1.0,5.0,200,Spices and Herbs
"Mustard, prepared, yellow",Vitamin E,mg,2046,200,0.36,tsp or 1 packet,1.0,5.0,200,Spices and Herbs
"Mustard, prepared, yellow",Vitamin D,µg,2046,200,0.0,tsp or 1 packet,1.0,5.0,200,Spices and Herbs
"Mustard, prepared, yellow",Vitamin C,mg,2046,200,0.3,tsp or 1 packet,1.0,5.0,200,Spices and Herbs
"Mustard, prepared, yellow",Vitamin B-6,mg,2046,200,0.07,tsp or 1 packet,1.0,5.0,200,Spices and Herbs
"Mustard, prepared, yellow","Vitamin B-12, added",µg,2046,200,0.0,tsp or 1 packet,1.0,5.0,200,Spices and Herbs
"Mustard, prepared, yellow",Vitamin B-12,µg,2046,200,0.0,tsp or 1 packet,1.0,5.0,200,Spices and Herbs
"Mustard, prepared, yellow",Zinc,mg,2046,200,0.64,tsp or 1 packet,1.0,5.0,200,Spices and Herbs
"Mustard, prepared, yellow",Vitamin A,µg,2046,200,5.0,tsp or 1 packet,1.0,5.0,200,Spices and Herbs
"Mustard, prepared, yellow",Valine,g,2046,200,0.189,tsp or 1 packet,1.0,5.0,200,Spices and Herbs
"Mustard, prepared, yellow",Tyrosine,g,2046,200,0.134,tsp or 1 packet,1.0,5.0,200,Spices and Herbs
"Mustard, prepared, yellow",Tryptophan,g,2046,200,0.009,tsp or 1 packet,1.0,5.0,200,Spices and Herbs
"Mustard, prepared, yellow",Total lipid (fat),g,2046,200,3.34,tsp or 1 packet,1.0,5.0,200,Spices and Herbs
"Mustard, prepared, yellow",Total Water,g,2046,200,83.72,tsp or 1 packet,1.0,5.0,200,Spices and Herbs
"Mustard, prepared, yellow",Total Fiber,g,2046,200,4.0,tsp or 1 packet,1.0,5.0,200,Spices and Herbs
"Mustard, prepared, yellow",Serine,g,2046,200,0.204,tsp or 1 packet,1.0,5.0,200,Spices and Herbs
"Mustard, prepared, yellow",Sodium,mg,2046,200,1104.0,tsp or 1 packet,1.0,5.0,200,Spices and Herbs
"Mustard, prepared, yellow",Starch,g,2046,200,0.64,tsp or 1 packet,1.0,5.0,200,Spices and Herbs
"Mustard, prepared, yellow",Sucrose,g,2046,200,0.21,tsp or 1 packet,1.0,5.0,200,Spices and Herbs
"Mustard, prepared, yellow","Sugars, total",g,2046,200,0.92,tsp or 1 packet,1.0,5.0,200,Spices and Herbs
"Mustard, prepared, yellow",Theobromine,mg,2046,200,0.0,tsp or 1 packet,1.0,5.0,200,Spices and Herbs
"Mustard, prepared, yellow",Riboflavin,mg,2046,200,0.07,tsp or 1 packet,1.0,5.0,200,Spices and Herbs
"Mustard, prepared, yellow",Thiamin,mg,2046,200,0.177,tsp or 1 packet,1.0,5.0,200,Spices and Herbs
"Mustard, prepared, yellow","Tocopherol, beta",mg,2046,200,0.0,tsp or 1 packet,1.0,5.0,200,Spices and Herbs
"Mustard, prepared, yellow","Tocopherol, delta",mg,2046,200,0.08,tsp or 1 packet,1.0,5.0,200,Spices and Herbs
"Mustard, prepared, yellow","Tocopherol, gamma",mg,2046,200,2.15,tsp or 1 packet,1.0,5.0,200,Spices and Herbs
"Mustard, prepared, yellow","Tocotrienol, beta",mg,2046,200,0.0,tsp or 1 packet,1.0,5.0,200,Spices and Herbs
"Mustard, prepared, yellow","Tocotrienol, delta",mg,2046,200,0.0,tsp or 1 packet,1.0,5.0,200,Spices and Herbs
"Mustard, prepared, yellow","Tocotrienol, gamma",mg,2046,200,0.0,tsp or 1 packet,1.0,5.0,200,Spices and Herbs
"Mustard, prepared, yellow",Threonine,g,2046,200,0.167,tsp or 1 packet,1.0,5.0,200,Spices and Herbs
"Mustard, prepared, yellow","Fatty acids, total trans-monoenoic",g,2046,200,0.004,tsp or 1 packet,1.0,5.0,200,Spices and Herbs
"Mustard, prepared, yellow",15:01,g,2046,200,0.0,tsp or 1 packet,1.0,5.0,200,Spices and Herbs
"Mustard, prepared, yellow","Fatty acids, total saturated",g,2046,200,0.214,tsp or 1 packet,1.0,5.0,200,Spices and Herbs
"Mustard, prepared, yellow",20:3 n-3,g,2046,200,0.018,tsp or 1 packet,1.0,5.0,200,Spices and Herbs
"Mustard, prepared, yellow","20:2 n-6 c,c",g,2046,200,0.01,tsp or 1 packet,1.0,5.0,200,Spices and Herbs
"Mustard, prepared, yellow",20:01,g,2046,200,0.289,tsp or 1 packet,1.0,5.0,200,Spices and Herbs
"Mustard, prepared, yellow",20:00,g,2046,200,0.02,tsp or 1 packet,1.0,5.0,200,Spices and Herbs
"Mustard, prepared, yellow",18:3i,g,2046,200,0.0,tsp or 1 packet,1.0,5.0,200,Spices and Herbs
"Mustard, prepared, yellow",18:3 undifferentiated,g,2046,200,0.374,tsp or 1 packet,1.0,5.0,200,Spices and Herbs
"Mustard, prepared, yellow","18:3 n-6 c,c,c",g,2046,200,0.0,tsp or 1 packet,1.0,5.0,200,Spices and Herbs
"Mustard, prepared, yellow",18:2 undifferentiated,g,2046,200,0.363,tsp or 1 packet,1.0,5.0,200,Spices and Herbs
"Mustard, prepared, yellow",18:2 t not further defined,g,2046,200,0.005,tsp or 1 packet,1.0,5.0,200,Spices and Herbs
"Mustard, prepared, yellow","18:2 n-6 c,c",g,2046,200,0.358,tsp or 1 packet,1.0,5.0,200,Spices and Herbs
"Mustard, prepared, yellow",18:2 CLAs,g,2046,200,0.0,tsp or 1 packet,1.0,5.0,200,Spices and Herbs
"Mustard, prepared, yellow",18:1 undifferentiated,g,2046,200,0.778,tsp or 1 packet,1.0,5.0,200,Spices and Herbs
"Mustard, prepared, yellow",18:1 t,g,2046,200,0.004,tsp or 1 packet,1.0,5.0,200,Spices and Herbs
"Mustard, prepared, yellow",18:1 c,g,2046,200,0.774,tsp or 1 packet,1.0,5.0,200,Spices and Herbs
"Mustard, prepared, yellow",20:3 n-6,g,2046,200,0.0,tsp or 1 packet,1.0,5.0,200,Spices and Herbs
"Mustard, prepared, yellow",18:04,g,2046,200,0.0,tsp or 1 packet,1.0,5.0,200,Spices and Herbs
"Mustard, prepared, yellow",17:01,g,2046,200,0.0,tsp or 1 packet,1.0,5.0,200,Spices and Herbs
"Mustard, prepared, yellow","Fatty acids, total trans",g,2046,200,0.009,tsp or 1 packet,1.0,5.0,200,Spices and Herbs
"Mustard, prepared, yellow",16:1 undifferentiated,g,2046,200,0.008,tsp or 1 packet,1.0,5.0,200,Spices and Herbs
"Mustard, prepared, yellow",16:1 t,g,2046,200,0.0,tsp or 1 packet,1.0,5.0,200,Spices and Herbs
"Mustard, prepared, yellow",16:1 c,g,2046,200,0.008,tsp or 1 packet,1.0,5.0,200,Spices and Herbs
"Mustard, prepared, yellow",16:00,g,2046,200,0.117,tsp or 1 packet,1.0,5.0,200,Spices and Herbs
"Mustard, prepared, yellow",15:00,g,2046,200,0.002,tsp or 1 packet,1.0,5.0,200,Spices and Herbs
"Mustard, prepared, yellow",14:01,g,2046,200,0.0,tsp or 1 packet,1.0,5.0,200,Spices and Herbs
"Mustard, prepared, yellow",14:00,g,2046,200,0.004,tsp or 1 packet,1.0,5.0,200,Spices and Herbs
"Mustard, prepared, yellow",12:00,g,2046,200,0.002,tsp or 1 packet,1.0,5.0,200,Spices and Herbs
"Mustard, prepared, yellow",10:00,g,2046,200,0.005,tsp or 1 packet,1.0,5.0,200,Spices and Herbs
"Mustard, prepared, yellow",08:00,g,2046,200,0.0,tsp or 1 packet,1.0,5.0,200,Spices and Herbs
"Mustard, prepared, yellow",06:00,g,2046,200,0.0,tsp or 1 packet,1.0,5.0,200,Spices and Herbs
"Mustard, prepared, yellow",04:00,g,2046,200,0.0,tsp or 1 packet,1.0,5.0,200,Spices and Herbs
"Mustard, prepared, yellow",18:00,g,2046,200,0.038,tsp or 1 packet,1.0,5.0,200,Spices and Herbs
"Mustard, prepared, yellow",20:3 undifferentiated,g,2046,200,0.018,tsp or 1 packet,1.0,5.0,200,Spices and Herbs
"Mustard, prepared, yellow",17:00,g,2046,200,0.002,tsp or 1 packet,1.0,5.0,200,Spices and Herbs
"Mustard, prepared, yellow",20:5 n-3 (EPA),g,2046,200,0.0,tsp or 1 packet,1.0,5.0,200,Spices and Herbs
"Mustard, prepared, yellow",20:4 undifferentiated,g,2046,200,0.0,tsp or 1 packet,1.0,5.0,200,Spices and Herbs
"Mustard, prepared, yellow","Fatty acids, total polyunsaturated",g,2046,200,0.774,tsp or 1 packet,1.0,5.0,200,Spices and Herbs
"Mustard, prepared, yellow","Fatty acids, total monounsaturated",g,2046,200,2.182,tsp or 1 packet,1.0,5.0,200,Spices and Herbs
"Mustard, prepared, yellow",Energy,kcal,2046,200,60.0,tsp or 1 packet,1.0,5.0,200,Spices and Herbs
"Mustard, prepared, yellow",Energy,kJ,2046,200,253.0,tsp or 1 packet,1.0,5.0,200,Spices and Herbs
"Mustard, prepared, yellow",Dihydrophylloquinone,µg,2046,200,0.0,tsp or 1 packet,1.0,5.0,200,Spices and Herbs
"Mustard, prepared, yellow",Cystine,g,2046,200,0.072,tsp or 1 packet,1.0,5.0,200,Spices and Herbs
"Mustard, prepared, yellow",Copper,mg,2046,200,0.074,tsp or 1 packet,1.0,5.0,200,Spices and Herbs
"Mustard, prepared, yellow",Choline,mg,2046,200,22.4,tsp or 1 packet,1.0,5.0,200,Spices and Herbs
"Mustard, prepared, yellow",Cholesterol,mg,2046,200,0.0,tsp or 1 packet,1.0,5.0,200,Spices and Herbs
"Mustard, prepared, yellow","Carotene, beta",µg,2046,200,51.0,tsp or 1 packet,1.0,5.0,200,Spices and Herbs
"Mustard, prepared, yellow","Carotene, alpha",µg,2046,200,1.0,tsp or 1 packet,1.0,5.0,200,Spices and Herbs
"Mustard, prepared, yellow",Carbohydrate,g,2046,200,5.83,tsp or 1 packet,1.0,5.0,200,Spices and Herbs
"Mustard, prepared, yellow",Calcium,mg,2046,200,63.0,tsp or 1 packet,1.0,5.0,200,Spices and Herbs
"Mustard, prepared, yellow",Caffeine,mg,2046,200,0.0,tsp or 1 packet,1.0,5.0,200,Spices and Herbs
"Mustard, prepared, yellow","Cryptoxanthin, beta",µg,2046,200,27.0,tsp or 1 packet,1.0,5.0,200,Spices and Herbs
"Mustard, prepared, yellow",Aspartic acid,g,2046,200,0.39,tsp or 1 packet,1.0,5.0,200,Spices and Herbs
"Mustard, prepared, yellow",22:00,g,2046,200,0.016,tsp or 1 packet,1.0,5.0,200,Spices and Herbs
"Mustard, prepared, yellow",Betaine,mg,2046,200,0.2,tsp or 1 packet,1.0,5.0,200,Spices and Herbs
"Mustard, prepared, yellow",22:04,g,2046,200,0.0,tsp or 1 packet,1.0,5.0,200,Spices and Herbs
"Mustard, prepared, yellow",22:1 c,g,2046,200,1.056,tsp or 1 packet,1.0,5.0,200,Spices and Herbs
"Mustard, prepared, yellow",22:1 t,g,2046,200,0.0,tsp or 1 packet,1.0,5.0,200,Spices and Herbs
"Mustard, prepared, yellow",22:5 n-3 (DPA),g,2046,200,0.0,tsp or 1 packet,1.0,5.0,200,Spices and Herbs
"Mustard, prepared, yellow",22:6 n-3 (DHA),g,2046,200,0.0,tsp or 1 packet,1.0,5.0,200,Spices and Herbs
"Mustard, prepared, yellow",22:1 undifferentiated,g,2046,200,1.056,tsp or 1 packet,1.0,5.0,200,Spices and Herbs
"Mustard, prepared, yellow",24:00:00,g,2046,200,0.009,tsp or 1 packet,1.0,5.0,200,Spices and Herbs
"Mustard, prepared, yellow",24:1 c,g,2046,200,0.051,tsp or 1 packet,1.0,5.0,200,Spices and Herbs
"Mustard, prepared, yellow",Alanine,g,2046,200,0.164,tsp or 1 packet,1.0,5.0,200,Spices and Herbs
"Mustard, prepared, yellow",Alcohol,g,2046,200,0.0,tsp or 1 packet,1.0,5.0,200,Spices and Herbs
"Mustard, prepared, yellow",Alpha-Linolenic Acid,g,2046,200,0.373,tsp or 1 packet,1.0,5.0,200,Spices and Herbs
"Mustard, prepared, yellow",Arginine,g,2046,200,0.252,tsp or 1 packet,1.0,5.0,200,Spices and Herbs
"Mustard, prepared, yellow",Ash,g,2046,200,3.37,tsp or 1 packet,1.0,5.0,200,Spices and Herbs
"Peppermint, fresh",Retinol,µg,2064,200,0.0,leaves,2.0,0.1,200,Spices and Herbs
"Peppermint, fresh",Protein,g,2064,200,3.75,leaves,2.0,0.1,200,Spices and Herbs
"Peppermint, fresh",Proline,g,2064,200,0.154,leaves,2.0,0.1,200,Spices and Herbs
"Peppermint, fresh",Potassium,mg,2064,200,569.0,leaves,2.0,0.1,200,Spices and Herbs
"Peppermint, fresh",Phytosterols,mg,2064,200,13.0,leaves,2.0,0.1,200,Spices and Herbs
"Peppermint, fresh",Phosphorus,mg,2064,200,73.0,leaves,2.0,0.1,200,Spices and Herbs
"Peppermint, fresh",Niacin,mg,2064,200,1.706,leaves,2.0,0.1,200,Spices and Herbs
"Peppermint, fresh",Pantothenic Acid,mg,2064,200,0.338,leaves,2.0,0.1,200,Spices and Herbs
"Peppermint, fresh",Methionine,g,2064,200,0.053,leaves,2.0,0.1,200,Spices and Herbs
"Peppermint, fresh",Manganese,mg,2064,200,1.176,leaves,2.0,0.1,200,Spices and Herbs
"Peppermint, fresh",Riboflavin,mg,2064,200,0.266,leaves,2.0,0.1,200,Spices and Herbs
"Peppermint, fresh",Magnesium,mg,2064,200,80.0,leaves,2.0,0.1,200,Spices and Herbs
"Peppermint, fresh",Phenylalanine,g,2064,200,0.191,leaves,2.0,0.1,200,Spices and Herbs
"Peppermint, fresh",Serine,g,2064,200,0.146,leaves,2.0,0.1,200,Spices and Herbs
"Peppermint, fresh",Zinc,mg,2064,200,1.11,leaves,2.0,0.1,200,Spices and Herbs
"Peppermint, fresh",Thiamin,mg,2064,200,0.082,leaves,2.0,0.1,200,Spices and Herbs
"Peppermint, fresh",Threonine,g,2064,200,0.154,leaves,2.0,0.1,200,Spices and Herbs
"Peppermint, fresh",Total Fiber,g,2064,200,8.0,leaves,2.0,0.1,200,Spices and Herbs
"Peppermint, fresh",Total Water,g,2064,200,78.65,leaves,2.0,0.1,200,Spices and Herbs
"Peppermint, fresh",Total lipid (fat),g,2064,200,0.94,leaves,2.0,0.1,200,Spices and Herbs
"Peppermint, fresh",Tryptophan,g,2064,200,0.058,leaves,2.0,0.1,200,Spices and Herbs
"Peppermint, fresh",Tyrosine,g,2064,200,0.113,leaves,2.0,0.1,200,Spices and Herbs
"Peppermint, fresh",Vitamin A,µg,2064,200,212.0,leaves,2.0,0.1,200,Spices and Herbs
"Peppermint, fresh",Vitamin B-12,µg,2064,200,0.0,leaves,2.0,0.1,200,Spices and Herbs
"Peppermint, fresh",Vitamin B-6,mg,2064,200,0.129,leaves,2.0,0.1,200,Spices and Herbs
"Peppermint, fresh",Vitamin C,mg,2064,200,31.8,leaves,2.0,0.1,200,Spices and Herbs
"Peppermint, fresh",Vitamin D,µg,2064,200,0.0,leaves,2.0,0.1,200,Spices and Herbs
"Peppermint, fresh",Lysine,g,2064,200,0.161,leaves,2.0,0.1,200,Spices and Herbs
"Peppermint, fresh",Sodium,mg,2064,200,31.0,leaves,2.0,0.1,200,Spices and Herbs
"Peppermint, fresh",Leucine,g,2064,200,0.281,leaves,2.0,0.1,200,Spices and Herbs
"Peppermint, fresh",Valine,g,2064,200,0.187,leaves,2.0,0.1,200,Spices and Herbs
"Peppermint, fresh",Iron,mg,2064,200,5.08,leaves,2.0,0.1,200,Spices and Herbs
"Peppermint, fresh",Isoleucine,g,2064,200,0.154,leaves,2.0,0.1,200,Spices and Herbs
"Peppermint, fresh",14:00,g,2064,200,0.006,leaves,2.0,0.1,200,Spices and Herbs
"Peppermint, fresh",16:00,g,2064,200,0.176,leaves,2.0,0.1,200,Spices and Herbs
"Peppermint, fresh",16:1 undifferentiated,g,2064,200,0.002,leaves,2.0,0.1,200,Spices and Herbs
"Peppermint, fresh",18:00,g,2064,200,0.025,leaves,2.0,0.1,200,Spices and Herbs
"Peppermint, fresh",18:1 undifferentiated,g,2064,200,0.029,leaves,2.0,0.1,200,Spices and Herbs
"Peppermint, fresh",18:2 undifferentiated,g,2064,200,0.069,leaves,2.0,0.1,200,Spices and Herbs
"Peppermint, fresh",18:3 undifferentiated,g,2064,200,0.435,leaves,2.0,0.1,200,Spices and Herbs
"Peppermint, fresh",Arginine,g,2064,200,0.173,leaves,2.0,0.1,200,Spices and Herbs
"Peppermint, fresh",Ash,g,2064,200,1.76,leaves,2.0,0.1,200,Spices and Herbs
"Peppermint, fresh",Aspartic acid,g,2064,200,0.443,leaves,2.0,0.1,200,Spices and Herbs
"Peppermint, fresh",Calcium,mg,2064,200,243.0,leaves,2.0,0.1,200,Spices and Herbs
"Peppermint, fresh",Carbohydrate,g,2064,200,14.89,leaves,2.0,0.1,200,Spices and Herbs
"Peppermint, fresh",Cholesterol,mg,2064,200,0.0,leaves,2.0,0.1,200,Spices and Herbs
"Peppermint, fresh",Alanine,g,2064,200,0.195,leaves,2.0,0.1,200,Spices and Herbs
"Peppermint, fresh",Cystine,g,2064,200,0.041,leaves,2.0,0.1,200,Spices and Herbs
"Peppermint, fresh",Histidine,g,2064,200,0.075,leaves,2.0,0.1,200,Spices and Herbs
"Peppermint, fresh",Copper,mg,2064,200,0.329,leaves,2.0,0.1,200,Spices and Herbs
"Peppermint, fresh",Glycine,g,2064,200,0.18,leaves,2.0,0.1,200,Spices and Herbs
"Peppermint, fresh",Glutamic acid,g,2064,200,0.409,leaves,2.0,0.1,200,Spices and Herbs
"Peppermint, fresh",Folic acid,µg,2064,200,0.0,leaves,2.0,0.1,200,Spices and Herbs
"Peppermint, fresh","Folate, DFE",µg,2064,200,114.0,leaves,2.0,0.1,200,Spices and Herbs
"Peppermint, fresh",Folate,µg,2064,200,114.0,leaves,2.0,0.1,200,Spices and Herbs
"Peppermint, fresh","Folate, food",µg,2064,200,114.0,leaves,2.0,0.1,200,Spices and Herbs
"Peppermint, fresh","Fatty acids, total saturated",g,2064,200,0.246,leaves,2.0,0.1,200,Spices and Herbs
"Peppermint, fresh","Fatty acids, total polyunsaturated",g,2064,200,0.508,leaves,2.0,0.1,200,Spices and Herbs
"Peppermint, fresh","Fatty acids, total monounsaturated",g,2064,200,0.033,leaves,2.0,0.1,200,Spices and Herbs
"Peppermint, fresh",Energy,kcal,2064,200,70.0,leaves,2.0,0.1,200,Spices and Herbs
"Peppermint, fresh",Energy,kJ,2064,200,293.0,leaves,2.0,0.1,200,Spices and Herbs
"Peppermint, fresh","Fatty acids, total trans",g,2064,200,0.0,leaves,2.0,0.1,200,Spices and Herbs
"Rosemary, fresh",Retinol,µg,2063,200,0.0,tsp,1.0,0.7,200,Spices and Herbs
"Rosemary, fresh",Protein,g,2063,200,3.31,tsp,1.0,0.7,200,Spices and Herbs
"Rosemary, fresh",Proline,g,2063,200,0.136,tsp,1.0,0.7,200,Spices and Herbs
"Rosemary, fresh",Potassium,mg,2063,200,668.0,tsp,1.0,0.7,200,Spices and Herbs
"Rosemary, fresh",Phytosterols,mg,2063,200,44.0,tsp,1.0,0.7,200,Spices and Herbs
"Rosemary, fresh",Phosphorus,mg,2063,200,66.0,tsp,1.0,0.7,200,Spices and Herbs
"Rosemary, fresh",Methionine,g,2063,200,0.047,tsp,1.0,0.7,200,Spices and Herbs
"Rosemary, fresh",Pantothenic Acid,mg,2063,200,0.804,tsp,1.0,0.7,200,Spices and Herbs
"Rosemary, fresh",Niacin,mg,2063,200,0.912,tsp,1.0,0.7,200,Spices and Herbs
"Rosemary, fresh",Riboflavin,mg,2063,200,0.152,tsp,1.0,0.7,200,Spices and Herbs
"Rosemary, fresh",Manganese,mg,2063,200,0.96,tsp,1.0,0.7,200,Spices and Herbs
"Rosemary, fresh",Magnesium,mg,2063,200,91.0,tsp,1.0,0.7,200,Spices and Herbs
"Rosemary, fresh",Lysine,g,2063,200,0.143,tsp,1.0,0.7,200,Spices and Herbs
"Rosemary, fresh",Phenylalanine,g,2063,200,0.169,tsp,1.0,0.7,200,Spices and Herbs
"Rosemary, fresh",Serine,g,2063,200,0.129,tsp,1.0,0.7,200,Spices and Herbs
"Rosemary, fresh",Total Water,g,2063,200,67.77,tsp,1.0,0.7,200,Spices and Herbs
"Rosemary, fresh",Thiamin,mg,2063,200,0.036,tsp,1.0,0.7,200,Spices and Herbs
"Rosemary, fresh",Threonine,g,2063,200,0.136,tsp,1.0,0.7,200,Spices and Herbs
"Rosemary, fresh",Total Fiber,g,2063,200,14.1,tsp,1.0,0.7,200,Spices and Herbs
"Rosemary, fresh",Total lipid (fat),g,2063,200,5.86,tsp,1.0,0.7,200,Spices and Herbs
"Rosemary, fresh",Tryptophan,g,2063,200,0.051,tsp,1.0,0.7,200,Spices and Herbs
"Rosemary, fresh",Tyrosine,g,2063,200,0.1,tsp,1.0,0.7,200,Spices and Herbs
"Rosemary, fresh",Valine,g,2063,200,0.165,tsp,1.0,0.7,200,Spices and Herbs
"Rosemary, fresh",Vitamin A,µg,2063,200,146.0,tsp,1.0,0.7,200,Spices and Herbs
"Rosemary, fresh",Vitamin B-12,µg,2063,200,0.0,tsp,1.0,0.7,200,Spices and Herbs
"Rosemary, fresh",Vitamin B-6,mg,2063,200,0.336,tsp,1.0,0.7,200,Spices and Herbs
"Rosemary, fresh",Vitamin C,mg,2063,200,21.8,tsp,1.0,0.7,200,Spices and Herbs
"Rosemary, fresh",Vitamin D,µg,2063,200,0.0,tsp,1.0,0.7,200,Spices and Herbs
"Rosemary, fresh",Zinc,mg,2063,200,0.93,tsp,1.0,0.7,200,Spices and Herbs
"Rosemary, fresh",Leucine,g,2063,200,0.249,tsp,1.0,0.7,200,Spices and Herbs
"Rosemary, fresh",Sodium,mg,2063,200,26.0,tsp,1.0,0.7,200,Spices and Herbs
"Rosemary, fresh",Isoleucine,g,2063,200,0.136,tsp,1.0,0.7,200,Spices and Herbs
"Rosemary, fresh",20:01,g,2063,200,0.048,tsp,1.0,0.7,200,Spices and Herbs
"Rosemary, fresh",Histidine,g,2063,200,0.066,tsp,1.0,0.7,200,Spices and Herbs
"Rosemary, fresh",10:00,g,2063,200,0.019,tsp,1.0,0.7,200,Spices and Herbs
"Rosemary, fresh",12:00,g,2063,200,0.014,tsp,1.0,0.7,200,Spices and Herbs
"Rosemary, fresh",14:00,g,2063,200,0.121,tsp,1.0,0.7,200,Spices and Herbs
"Rosemary, fresh",16:00,g,2063,200,1.921,tsp,1.0,0.7,200,Spices and Herbs
"Rosemary, fresh",16:1 undifferentiated,g,2063,200,0.066,tsp,1.0,0.7,200,Spices and Herbs
"Rosemary, fresh",18:00,g,2063,200,0.231,tsp,1.0,0.7,200,Spices and Herbs
"Rosemary, fresh",18:1 undifferentiated,g,2063,200,1.024,tsp,1.0,0.7,200,Spices and Herbs
"Rosemary, fresh",18:2 undifferentiated,g,2063,200,0.447,tsp,1.0,0.7,200,Spices and Herbs
"Rosemary, fresh",Iron,mg,2063,200,6.65,tsp,1.0,0.7,200,Spices and Herbs
"Rosemary, fresh",Alanine,g,2063,200,0.172,tsp,1.0,0.7,200,Spices and Herbs
"Rosemary, fresh",Arginine,g,2063,200,0.153,tsp,1.0,0.7,200,Spices and Herbs
"Rosemary, fresh",Ash,g,2063,200,2.35,tsp,1.0,0.7,200,Spices and Herbs
"Rosemary, fresh",Aspartic acid,g,2063,200,0.391,tsp,1.0,0.7,200,Spices and Herbs
"Rosemary, fresh",Calcium,mg,2063,200,317.0,tsp,1.0,0.7,200,Spices and Herbs
"Rosemary, fresh",Carbohydrate,g,2063,200,20.7,tsp,1.0,0.7,200,Spices and Herbs
"Rosemary, fresh",18:3 undifferentiated,g,2063,200,0.414,tsp,1.0,0.7,200,Spices and Herbs
"Rosemary, fresh",Copper,mg,2063,200,0.301,tsp,1.0,0.7,200,Spices and Herbs
"Rosemary, fresh",Cholesterol,mg,2063,200,0.0,tsp,1.0,0.7,200,Spices and Herbs
"Rosemary, fresh",Glutamic acid,g,2063,200,0.361,tsp,1.0,0.7,200,Spices and Herbs
"Rosemary, fresh",Folic acid,µg,2063,200,0.0,tsp,1.0,0.7,200,Spices and Herbs
"Rosemary, fresh","Folate, food",µg,2063,200,109.0,tsp,1.0,0.7,200,Spices and Herbs
"Rosemary, fresh","Folate, DFE",µg,2063,200,109.0,tsp,1.0,0.7,200,Spices and Herbs
"Rosemary, fresh",Folate,µg,2063,200,109.0,tsp,1.0,0.7,200,Spices and Herbs
"Rosemary, fresh","Fatty acids, total trans",g,2063,200,0.0,tsp,1.0,0.7,200,Spices and Herbs
"Rosemary, fresh",Glycine,g,2063,200,0.159,tsp,1.0,0.7,200,Spices and Herbs
"Rosemary, fresh","Fatty acids, total polyunsaturated",g,2063,200,0.901,tsp,1.0,0.7,200,Spices and Herbs
"Rosemary, fresh","Fatty acids, total monounsaturated",g,2063,200,1.16,tsp,1.0,0.7,200,Spices and Herbs
"Rosemary, fresh",Energy,kcal,2063,200,131.0,tsp,1.0,0.7,200,Spices and Herbs
"Rosemary, fresh",Energy,kJ,2063,200,548.0,tsp,1.0,0.7,200,Spices and Herbs
"Rosemary, fresh",Cystine,g,2063,200,0.037,tsp,1.0,0.7,200,Spices and Herbs
"Rosemary, fresh","Fatty acids, total saturated",g,2063,200,2.838,tsp,1.0,0.7,200,Spices and Herbs
"Salt, table",Retinol,µg,2047,200,0.0,tsp,1.0,6.0,200,Spices and Herbs
"Salt, table",Pantothenic Acid,mg,2047,200,0.0,tsp,1.0,6.0,200,Spices and Herbs
"Salt, table",Protein,g,2047,200,0.0,tsp,1.0,6.0,200,Spices and Herbs
"Salt, table",Proline,g,2047,200,0.0,tsp,1.0,6.0,200,Spices and Herbs
"Salt, table",Potassium,mg,2047,200,8.0,tsp,1.0,6.0,200,Spices and Herbs
"Salt, table",Phytosterols,mg,2047,200,0.0,tsp,1.0,6.0,200,Spices and Herbs
"Salt, table",Phosphorus,mg,2047,200,0.0,tsp,1.0,6.0,200,Spices and Herbs
"Salt, table",Phenylalanine,g,2047,200,0.0,tsp,1.0,6.0,200,Spices and Herbs
"Salt, table",Niacin,mg,2047,200,0.0,tsp,1.0,6.0,200,Spices and Herbs
"Salt, table",Leucine,g,2047,200,0.0,tsp,1.0,6.0,200,Spices and Herbs
"Salt, table",Manganese,mg,2047,200,0.1,tsp,1.0,6.0,200,Spices and Herbs
"Salt, table",Magnesium,mg,2047,200,1.0,tsp,1.0,6.0,200,Spices and Herbs
"Salt, table",Lysine,g,2047,200,0.0,tsp,1.0,6.0,200,Spices and Herbs
"Salt, table",Lycopene,µg,2047,200,0.0,tsp,1.0,6.0,200,Spices and Herbs
"Salt, table",Lutein + zeaxanthin,µg,2047,200,0.0,tsp,1.0,6.0,200,Spices and Herbs
"Salt, table",Isoleucine,g,2047,200,0.0,tsp,1.0,6.0,200,Spices and Herbs
"Salt, table",Iron,mg,2047,200,0.33,tsp,1.0,6.0,200,Spices and Herbs
"Salt, table",Histidine,g,2047,200,0.0,tsp,1.0,6.0,200,Spices and Herbs
"Salt, table",Riboflavin,mg,2047,200,0.0,tsp,1.0,6.0,200,Spices and Herbs
"Salt, table",Methionine,g,2047,200,0.0,tsp,1.0,6.0,200,Spices and Herbs
"Salt, table",Selenium,µg,2047,200,0.1,tsp,1.0,6.0,200,Spices and Herbs
"Salt, table",Vitamin B-6,mg,2047,200,0.0,tsp,1.0,6.0,200,Spices and Herbs
"Salt, table",Sodium,mg,2047,200,38758.0,tsp,1.0,6.0,200,Spices and Herbs
"Salt, table",Zinc,mg,2047,200,0.1,tsp,1.0,6.0,200,Spices and Herbs
"Salt, table",Vitamin K,µg,2047,200,0.0,tsp,1.0,6.0,200,Spices and Herbs
"Salt, table","Vitamin E, added",mg,2047,200,0.0,tsp,1.0,6.0,200,Spices and Herbs
"Salt, table",Vitamin E,mg,2047,200,0.0,tsp,1.0,6.0,200,Spices and Herbs
"Salt, table",Vitamin D,µg,2047,200,0.0,tsp,1.0,6.0,200,Spices and Herbs
"Salt, table",Vitamin C,mg,2047,200,0.0,tsp,1.0,6.0,200,Spices and Herbs
"Salt, table",Glycine,g,2047,200,0.0,tsp,1.0,6.0,200,Spices and Herbs
"Salt, table","Vitamin B-12, added",µg,2047,200,0.0,tsp,1.0,6.0,200,Spices and Herbs
"Salt, table",Vitamin B-12,µg,2047,200,0.0,tsp,1.0,6.0,200,Spices and Herbs
"Salt, table",Serine,g,2047,200,0.0,tsp,1.0,6.0,200,Spices and Herbs
"Salt, table",Vitamin A,µg,2047,200,0.0,tsp,1.0,6.0,200,Spices and Herbs
"Salt, table",Tyrosine,g,2047,200,0.0,tsp,1.0,6.0,200,Spices and Herbs
"Salt, table",Tryptophan,g,2047,200,0.0,tsp,1.0,6.0,200,Spices and Herbs
"Salt, table",Total lipid (fat),g,2047,200,0.0,tsp,1.0,6.0,200,Spices and Herbs
"Salt, table",Total Water,g,2047,200,0.2,tsp,1.0,6.0,200,Spices and Herbs
"Salt, table",Total Fiber,g,2047,200,0.0,tsp,1.0,6.0,200,Spices and Herbs
"Salt, table",Threonine,g,2047,200,0.0,tsp,1.0,6.0,200,Spices and Herbs
"Salt, table",Thiamin,mg,2047,200,0.0,tsp,1.0,6.0,200,Spices and Herbs
"Salt, table",Theobromine,mg,2047,200,0.0,tsp,1.0,6.0,200,Spices and Herbs
"Salt, table","Sugars, total",g,2047,200,0.0,tsp,1.0,6.0,200,Spices and Herbs
"Salt, table",Valine,g,2047,200,0.0,tsp,1.0,6.0,200,Spices and Herbs
"Salt, table",Glutamic acid,g,2047,200,0.0,tsp,1.0,6.0,200,Spices and Herbs
"Salt, table",Energy,kcal,2047,200,0.0,tsp,1.0,6.0,200,Spices and Herbs
"Salt, table","Folate, food",µg,2047,200,0.0,tsp,1.0,6.0,200,Spices and Herbs
"Salt, table",22:6 n-3 (DHA),g,2047,200,0.0,tsp,1.0,6.0,200,Spices and Herbs
"Salt, table",22:5 n-3 (DPA),g,2047,200,0.0,tsp,1.0,6.0,200,Spices and Herbs
"Salt, table",22:1 undifferentiated,g,2047,200,0.0,tsp,1.0,6.0,200,Spices and Herbs
"Salt, table",20:5 n-3 (EPA),g,2047,200,0.0,tsp,1.0,6.0,200,Spices and Herbs
"Salt, table",20:4 undifferentiated,g,2047,200,0.0,tsp,1.0,6.0,200,Spices and Herbs
"Salt, table",Folic acid,µg,2047,200,0.0,tsp,1.0,6.0,200,Spices and Herbs
"Salt, table",18:3 undifferentiated,g,2047,200,0.0,tsp,1.0,6.0,200,Spices and Herbs
"Salt, table",18:2 undifferentiated,g,2047,200,0.0,tsp,1.0,6.0,200,Spices and Herbs
"Salt, table",18:1 undifferentiated,g,2047,200,0.0,tsp,1.0,6.0,200,Spices and Herbs
"Salt, table",18:04,g,2047,200,0.0,tsp,1.0,6.0,200,Spices and Herbs
"Salt, table",18:00,g,2047,200,0.0,tsp,1.0,6.0,200,Spices and Herbs
"Salt, table",16:1 undifferentiated,g,2047,200,0.0,tsp,1.0,6.0,200,Spices and Herbs
"Salt, table",16:00,g,2047,200,0.0,tsp,1.0,6.0,200,Spices and Herbs
"Salt, table",14:00,g,2047,200,0.0,tsp,1.0,6.0,200,Spices and Herbs
"Salt, table",12:00,g,2047,200,0.0,tsp,1.0,6.0,200,Spices and Herbs
"Salt, table",10:00,g,2047,200,0.0,tsp,1.0,6.0,200,Spices and Herbs
"Salt, table",08:00,g,2047,200,0.0,tsp,1.0,6.0,200,Spices and Herbs
"Salt, table",06:00,g,2047,200,0.0,tsp,1.0,6.0,200,Spices and Herbs
"Salt, table",04:00,g,2047,200,0.0,tsp,1.0,6.0,200,Spices and Herbs
"Salt, table",Alanine,g,2047,200,0.0,tsp,1.0,6.0,200,Spices and Herbs
"Salt, table",Alcohol,g,2047,200,0.0,tsp,1.0,6.0,200,Spices and Herbs
"Salt, table",20:01,g,2047,200,0.0,tsp,1.0,6.0,200,Spices and Herbs
"Salt, table",Ash,g,2047,200,99.8,tsp,1.0,6.0,200,Spices and Herbs
"Salt, table","Folate, DFE",µg,2047,200,0.0,tsp,1.0,6.0,200,Spices and Herbs
"Salt, table",Arginine,g,2047,200,0.0,tsp,1.0,6.0,200,Spices and Herbs
"Salt, table",Fluoride,µg,2047,200,2.0,tsp,1.0,6.0,200,Spices and Herbs
"Salt, table","Fatty acids, total trans",g,2047,200,0.0,tsp,1.0,6.0,200,Spices and Herbs
"Salt, table","Fatty acids, total saturated",g,2047,200,0.0,tsp,1.0,6.0,200,Spices and Herbs
"Salt, table","Fatty acids, total polyunsaturated",g,2047,200,0.0,tsp,1.0,6.0,200,Spices and Herbs
"Salt, table","Fatty acids, total monounsaturated",g,2047,200,0.0,tsp,1.0,6.0,200,Spices and Herbs
"Salt, table",Energy,kJ,2047,200,0.0,tsp,1.0,6.0,200,Spices and Herbs
"Salt, table",Cystine,g,2047,200,0.0,tsp,1.0,6.0,200,Spices and Herbs
"Salt, table",Folate,µg,2047,200,0.0,tsp,1.0,6.0,200,Spices and Herbs
"Salt, table",Copper,mg,2047,200,0.03,tsp,1.0,6.0,200,Spices and Herbs
"Salt, table","Cryptoxanthin, beta",µg,2047,200,0.0,tsp,1.0,6.0,200,Spices and Herbs
"Salt, table",Caffeine,mg,2047,200,0.0,tsp,1.0,6.0,200,Spices and Herbs
"Salt, table",Calcium,mg,2047,200,24.0,tsp,1.0,6.0,200,Spices and Herbs
"Salt, table",Carbohydrate,g,2047,200,0.0,tsp,1.0,6.0,200,Spices and Herbs
"Salt, table",Aspartic acid,g,2047,200,0.0,tsp,1.0,6.0,200,Spices and Herbs
"Salt, table","Carotene, beta",µg,2047,200,0.0,tsp,1.0,6.0,200,Spices and Herbs
"Salt, table",Cholesterol,mg,2047,200,0.0,tsp,1.0,6.0,200,Spices and Herbs
"Salt, table",Choline,mg,2047,200,0.0,tsp,1.0,6.0,200,Spices and Herbs
"Salt, table","Carotene, alpha",µg,2047,200,0.0,tsp,1.0,6.0,200,Spices and Herbs
"Seasoning mix, dry, chili, original",Iron,mg,2076,200,3.9,tbsp,1.33,9.0,200,Spices and Herbs
"Seasoning mix, dry, chili, original",Vitamin C,mg,2076,200,5.9,tbsp,1.33,9.0,200,Spices and Herbs
"Seasoning mix, dry, chili, original",Total Water,g,2076,200,10.75,tbsp,1.33,9.0,200,Spices and Herbs
"Seasoning mix, dry, chili, original",Total Fiber,g,2076,200,10.8,tbsp,1.33,9.0,200,Spices and Herbs
"Seasoning mix, dry, chili, original","Sugars, total",g,2076,200,8.67,tbsp,1.33,9.0,200,Spices and Herbs
"Seasoning mix, dry, chili, original",Sodium,mg,2076,200,4616.0,tbsp,1.33,9.0,200,Spices and Herbs
"Seasoning mix, dry, chili, original",Protein,g,2076,200,10.82,tbsp,1.33,9.0,200,Spices and Herbs
"Seasoning mix, dry, chili, original","Fatty acids, total trans",g,2076,200,0.0,tbsp,1.33,9.0,200,Spices and Herbs
"Seasoning mix, dry, chili, original",Total lipid (fat),g,2076,200,7.3,tbsp,1.33,9.0,200,Spices and Herbs
"Seasoning mix, dry, chili, original","Fatty acids, total polyunsaturated",g,2076,200,5.556,tbsp,1.33,9.0,200,Spices and Herbs
"Seasoning mix, dry, chili, original",Energy,kcal,2076,200,335.0,tbsp,1.33,9.0,200,Spices and Herbs
"Seasoning mix, dry, chili, original",Energy,kJ,2076,200,1404.0,tbsp,1.33,9.0,200,Spices and Herbs
"Seasoning mix, dry, chili, original",Cholesterol,mg,2076,200,0.0,tbsp,1.33,9.0,200,Spices and Herbs
"Seasoning mix, dry, chili, original",Carbohydrate,g,2076,200,56.56,tbsp,1.33,9.0,200,Spices and Herbs
"Seasoning mix, dry, chili, original",Calcium,mg,2076,200,0.0,tbsp,1.33,9.0,200,Spices and Herbs
"Seasoning mix, dry, chili, original",Ash,g,2076,200,14.56,tbsp,1.33,9.0,200,Spices and Herbs
"Seasoning mix, dry, chili, original","Fatty acids, total saturated",g,2076,200,0.0,tbsp,1.33,9.0,200,Spices and Herbs
"Seasoning mix, dry, sazon, coriander & annatto",Vitamin C,mg,2074,200,0.0,tsp,0.25,1.0,200,Spices and Herbs
"Seasoning mix, dry, sazon, coriander & annatto",Total lipid (fat),g,2074,200,0.0,tsp,0.25,1.0,200,Spices and Herbs
"Seasoning mix, dry, sazon, coriander & annatto",Total Water,g,2074,200,0.2,tsp,0.25,1.0,200,Spices and Herbs
"Seasoning mix, dry, sazon, coriander & annatto",Total Fiber,g,2074,200,0.0,tsp,0.25,1.0,200,Spices and Herbs
"Seasoning mix, dry, sazon, coriander & annatto","Sugars, total",g,2074,200,0.0,tsp,0.25,1.0,200,Spices and Herbs
"Seasoning mix, dry, sazon, coriander & annatto",Sodium,mg,2074,200,17000.0,tsp,0.25,1.0,200,Spices and Herbs
"Seasoning mix, dry, sazon, coriander & annatto",Protein,g,2074,200,0.0,tsp,0.25,1.0,200,Spices and Herbs
"Seasoning mix, dry, sazon, coriander & annatto",Iron,mg,2074,200,0.0,tsp,0.25,1.0,200,Spices and Herbs
"Seasoning mix, dry, sazon, coriander & annatto","Fatty acids, total saturated",g,2074,200,0.0,tsp,0.25,1.0,200,Spices and Herbs
"Seasoning mix, dry, sazon, coriander & annatto",Energy,kcal,2074,200,0.0,tsp,0.25,1.0,200,Spices and Herbs
"Seasoning mix, dry, sazon, coriander & annatto",Energy,kJ,2074,200,0.0,tsp,0.25,1.0,200,Spices and Herbs
"Seasoning mix, dry, sazon, coriander & annatto",Cholesterol,mg,2074,200,0.0,tsp,0.25,1.0,200,Spices and Herbs
"Seasoning mix, dry, sazon, coriander & annatto",Carbohydrate,g,2074,200,0.0,tsp,0.25,1.0,200,Spices and Herbs
"Seasoning mix, dry, sazon, coriander & annatto",Calcium,mg,2074,200,0.0,tsp,0.25,1.0,200,Spices and Herbs
"Seasoning mix, dry, sazon, coriander & annatto",Ash,g,2074,200,99.8,tsp,0.25,1.0,200,Spices and Herbs
"Seasoning mix, dry, sazon, coriander & annatto","Fatty acids, total trans",g,2074,200,0.0,tsp,0.25,1.0,200,Spices and Herbs
"Seasoning mix, dry, taco, original",Protein,g,2075,200,4.5,tsp,2.0,5.7,200,Spices and Herbs
"Seasoning mix, dry, taco, original",Sodium,mg,2075,200,7203.0,tsp,2.0,5.7,200,Spices and Herbs
"Seasoning mix, dry, taco, original","Sugars, total",g,2075,200,10.83,tsp,2.0,5.7,200,Spices and Herbs
"Seasoning mix, dry, taco, original",Total lipid (fat),g,2075,200,0.0,tsp,2.0,5.7,200,Spices and Herbs
"Seasoning mix, dry, taco, original",Total Water,g,2075,200,5.7,tsp,2.0,5.7,200,Spices and Herbs
"Seasoning mix, dry, taco, original",Vitamin C,mg,2075,200,0.0,tsp,2.0,5.7,200,Spices and Herbs
"Seasoning mix, dry, taco, original",Potassium,mg,2075,200,1000.0,tsp,2.0,5.7,200,Spices and Herbs
"Seasoning mix, dry, taco, original",Total Fiber,g,2075,200,13.3,tsp,2.0,5.7,200,Spices and Herbs
"Seasoning mix, dry, taco, original",Iron,mg,2075,200,7.2,tsp,2.0,5.7,200,Spices and Herbs
"Seasoning mix, dry, taco, original",Calcium,mg,2075,200,0.0,tsp,2.0,5.7,200,Spices and Herbs
"Seasoning mix, dry, taco, original",Folate,µg,2075,200,0.0,tsp,2.0,5.7,200,Spices and Herbs
"Seasoning mix, dry, taco, original","Fatty acids, total trans",g,2075,200,0.0,tsp,2.0,5.7,200,Spices and Herbs
"Seasoning mix, dry, taco, original","Fatty acids, total saturated",g,2075,200,0.0,tsp,2.0,5.7,200,Spices and Herbs
"Seasoning mix, dry, taco, original",Energy,kcal,2075,200,322.0,tsp,2.0,5.7,200,Spices and Herbs
"Seasoning mix, dry, taco, original",Energy,kJ,2075,200,1346.0,tsp,2.0,5.7,200,Spices and Herbs
"Seasoning mix, dry, taco, original",Cholesterol,mg,2075,200,0.0,tsp,2.0,5.7,200,Spices and Herbs
"Seasoning mix, dry, taco, original",Carbohydrate,g,2075,200,58.0,tsp,2.0,5.7,200,Spices and Herbs
"Seasoning mix, dry, taco, original",Ash,g,2075,200,31.8,tsp,2.0,5.7,200,Spices and Herbs
"Seasoning mix, dry, taco, original","Folate, food",µg,2075,200,0.0,tsp,2.0,5.7,200,Spices and Herbs
"Spearmint, dried",Manganese,mg,2066,200,11.482,tsp,1.0,0.5,200,Spices and Herbs
"Spearmint, dried",Retinol,µg,2066,200,0.0,tsp,1.0,0.5,200,Spices and Herbs
"Spearmint, dried",Protein,g,2066,200,19.93,tsp,1.0,0.5,200,Spices and Herbs
"Spearmint, dried",Proline,g,2066,200,0.816,tsp,1.0,0.5,200,Spices and Herbs
"Spearmint, dried",Potassium,mg,2066,200,1924.0,tsp,1.0,0.5,200,Spices and Herbs
"Spearmint, dried",Phytosterols,mg,2066,200,82.0,tsp,1.0,0.5,200,Spices and Herbs
"Spearmint, dried",Phenylalanine,g,2066,200,1.017,tsp,1.0,0.5,200,Spices and Herbs
"Spearmint, dried",Riboflavin,mg,2066,200,1.421,tsp,1.0,0.5,200,Spices and Herbs
"Spearmint, dried",Pantothenic Acid,mg,2066,200,1.399,tsp,1.0,0.5,200,Spices and Herbs
"Spearmint, dried",Magnesium,mg,2066,200,602.0,tsp,1.0,0.5,200,Spices and Herbs
"Spearmint, dried",Niacin,mg,2066,200,6.561,tsp,1.0,0.5,200,Spices and Herbs
"Spearmint, dried",Phosphorus,mg,2066,200,276.0,tsp,1.0,0.5,200,Spices and Herbs
"Spearmint, dried",Methionine,g,2066,200,0.281,tsp,1.0,0.5,200,Spices and Herbs
"Spearmint, dried",Vitamin B-6,mg,2066,200,2.579,tsp,1.0,0.5,200,Spices and Herbs
"Spearmint, dried",Thiamin,mg,2066,200,0.288,tsp,1.0,0.5,200,Spices and Herbs
"Spearmint, dried",Threonine,g,2066,200,0.816,tsp,1.0,0.5,200,Spices and Herbs
"Spearmint, dried",Total Fiber,g,2066,200,29.8,tsp,1.0,0.5,200,Spices and Herbs
"Spearmint, dried",Total Water,g,2066,200,11.3,tsp,1.0,0.5,200,Spices and Herbs
"Spearmint, dried",Total lipid (fat),g,2066,200,6.03,tsp,1.0,0.5,200,Spices and Herbs
"Spearmint, dried",Tryptophan,g,2066,200,0.306,tsp,1.0,0.5,200,Spices and Herbs
"Spearmint, dried",Tyrosine,g,2066,200,0.6,tsp,1.0,0.5,200,Spices and Herbs
"Spearmint, dried",Valine,g,2066,200,0.995,tsp,1.0,0.5,200,Spices and Herbs
"Spearmint, dried",Vitamin A,µg,2066,200,529.0,tsp,1.0,0.5,200,Spices and Herbs
"Spearmint, dried",Vitamin B-12,µg,2066,200,0.0,tsp,1.0,0.5,200,Spices and Herbs
"Spearmint, dried",Vitamin C,mg,2066,200,0.0,tsp,1.0,0.5,200,Spices and Herbs
"Spearmint, dried",Vitamin D,µg,2066,200,0.0,tsp,1.0,0.5,200,Spices and Herbs
"Spearmint, dried",Zinc,mg,2066,200,2.41,tsp,1.0,0.5,200,Spices and Herbs
"Spearmint, dried",Lysine,g,2066,200,0.858,tsp,1.0,0.5,200,Spices and Herbs
"Spearmint, dried",Sodium,mg,2066,200,344.0,tsp,1.0,0.5,200,Spices and Herbs
"Spearmint, dried",Leucine,g,2066,200,1.496,tsp,1.0,0.5,200,Spices and Herbs
"Spearmint, dried",Serine,g,2066,200,0.778,tsp,1.0,0.5,200,Spices and Herbs
"Spearmint, dried",Iron,mg,2066,200,87.47,tsp,1.0,0.5,200,Spices and Herbs
"Spearmint, dried",Isoleucine,g,2066,200,0.816,tsp,1.0,0.5,200,Spices and Herbs
"Spearmint, dried",14:00,g,2066,200,0.037,tsp,1.0,0.5,200,Spices and Herbs
"Spearmint, dried",16:00,g,2066,200,1.131,tsp,1.0,0.5,200,Spices and Herbs
"Spearmint, dried",16:1 undifferentiated,g,2066,200,0.016,tsp,1.0,0.5,200,Spices and Herbs
"Spearmint, dried",18:00,g,2066,200,0.163,tsp,1.0,0.5,200,Spices and Herbs
"Spearmint, dried",18:1 undifferentiated,g,2066,200,0.183,tsp,1.0,0.5,200,Spices and Herbs
"Spearmint, dried",18:2 undifferentiated,g,2066,200,0.446,tsp,1.0,0.5,200,Spices and Herbs
"Spearmint, dried",18:3 undifferentiated,g,2066,200,2.792,tsp,1.0,0.5,200,Spices and Herbs
"Spearmint, dried",Arginine,g,2066,200,0.918,tsp,1.0,0.5,200,Spices and Herbs
"Spearmint, dried",Ash,g,2066,200,10.7,tsp,1.0,0.5,200,Spices and Herbs
"Spearmint, dried",Aspartic acid,g,2066,200,2.353,tsp,1.0,0.5,200,Spices and Herbs
"Spearmint, dried",Calcium,mg,2066,200,1488.0,tsp,1.0,0.5,200,Spices and Herbs
"Spearmint, dried",Carbohydrate,g,2066,200,52.04,tsp,1.0,0.5,200,Spices and Herbs
"Spearmint, dried",Cholesterol,mg,2066,200,0.0,tsp,1.0,0.5,200,Spices and Herbs
"Spearmint, dried",Alanine,g,2066,200,1.036,tsp,1.0,0.5,200,Spices and Herbs
"Spearmint, dried",Cystine,g,2066,200,0.22,tsp,1.0,0.5,200,Spices and Herbs
"Spearmint, dried",Histidine,g,2066,200,0.399,tsp,1.0,0.5,200,Spices and Herbs
"Spearmint, dried",Copper,mg,2066,200,1.542,tsp,1.0,0.5,200,Spices and Herbs
"Spearmint, dried",Glycine,g,2066,200,0.957,tsp,1.0,0.5,200,Spices and Herbs
"Spearmint, dried",Glutamic acid,g,2066,200,2.172,tsp,1.0,0.5,200,Spices and Herbs
"Spearmint, dried",Folic acid,µg,2066,200,0.0,tsp,1.0,0.5,200,Spices and Herbs
"Spearmint, dried","Folate, DFE",µg,2066,200,530.0,tsp,1.0,0.5,200,Spices and Herbs
"Spearmint, dried",Folate,µg,2066,200,530.0,tsp,1.0,0.5,200,Spices and Herbs
"Spearmint, dried","Folate, food",µg,2066,200,530.0,tsp,1.0,0.5,200,Spices and Herbs
"Spearmint, dried","Fatty acids, total saturated",g,2066,200,1.577,tsp,1.0,0.5,200,Spices and Herbs
"Spearmint, dried","Fatty acids, total polyunsaturated",g,2066,200,3.257,tsp,1.0,0.5,200,Spices and Herbs
"Spearmint, dried","Fatty acids, total monounsaturated",g,2066,200,0.21,tsp,1.0,0.5,200,Spices and Herbs
"Spearmint, dried",Energy,kcal,2066,200,285.0,tsp,1.0,0.5,200,Spices and Herbs
"Spearmint, dried",Energy,kJ,2066,200,1192.0,tsp,1.0,0.5,200,Spices and Herbs
"Spearmint, dried","Fatty acids, total trans",g,2066,200,0.0,tsp,1.0,0.5,200,Spices and Herbs
"Spearmint, fresh",Retinol,µg,2065,200,0.0,leaves,2.0,0.3,200,Spices and Herbs
"Spearmint, fresh",Phytosterols,mg,2065,200,10.0,leaves,2.0,0.3,200,Spices and Herbs
"Spearmint, fresh",Protein,g,2065,200,3.29,leaves,2.0,0.3,200,Spices and Herbs
"Spearmint, fresh",Proline,g,2065,200,0.135,leaves,2.0,0.3,200,Spices and Herbs
"Spearmint, fresh",Potassium,mg,2065,200,458.0,leaves,2.0,0.3,200,Spices and Herbs
"Spearmint, fresh",Phosphorus,mg,2065,200,60.0,leaves,2.0,0.3,200,Spices and Herbs
"Spearmint, fresh",Magnesium,mg,2065,200,63.0,leaves,2.0,0.3,200,Spices and Herbs
"Spearmint, fresh",Pantothenic Acid,mg,2065,200,0.25,leaves,2.0,0.3,200,Spices and Herbs
"Spearmint, fresh",Niacin,mg,2065,200,0.948,leaves,2.0,0.3,200,Spices and Herbs
"Spearmint, fresh",Methionine,g,2065,200,0.046,leaves,2.0,0.3,200,Spices and Herbs
"Spearmint, fresh",Manganese,mg,2065,200,1.118,leaves,2.0,0.3,200,Spices and Herbs
"Spearmint, fresh",Riboflavin,mg,2065,200,0.175,leaves,2.0,0.3,200,Spices and Herbs
"Spearmint, fresh",Phenylalanine,g,2065,200,0.168,leaves,2.0,0.3,200,Spices and Herbs
"Spearmint, fresh",Serine,g,2065,200,0.128,leaves,2.0,0.3,200,Spices and Herbs
"Spearmint, fresh",Zinc,mg,2065,200,1.09,leaves,2.0,0.3,200,Spices and Herbs
"Spearmint, fresh",Thiamin,mg,2065,200,0.078,leaves,2.0,0.3,200,Spices and Herbs
"Spearmint, fresh",Threonine,g,2065,200,0.135,leaves,2.0,0.3,200,Spices and Herbs
"Spearmint, fresh",Total Fiber,g,2065,200,6.8,leaves,2.0,0.3,200,Spices and Herbs
"Spearmint, fresh",Total Water,g,2065,200,85.55,leaves,2.0,0.3,200,Spices and Herbs
"Spearmint, fresh",Total lipid (fat),g,2065,200,0.73,leaves,2.0,0.3,200,Spices and Herbs
"Spearmint, fresh",Tryptophan,g,2065,200,0.05,leaves,2.0,0.3,200,Spices and Herbs
"Spearmint, fresh",Tyrosine,g,2065,200,0.099,leaves,2.0,0.3,200,Spices and Herbs
"Spearmint, fresh",Valine,g,2065,200,0.164,leaves,2.0,0.3,200,Spices and Herbs
"Spearmint, fresh",Vitamin A,µg,2065,200,203.0,leaves,2.0,0.3,200,Spices and Herbs
"Spearmint, fresh",Vitamin B-12,µg,2065,200,0.0,leaves,2.0,0.3,200,Spices and Herbs
"Spearmint, fresh",Vitamin B-6,mg,2065,200,0.158,leaves,2.0,0.3,200,Spices and Herbs
"Spearmint, fresh",Vitamin C,mg,2065,200,13.3,leaves,2.0,0.3,200,Spices and Herbs
"Spearmint, fresh",Vitamin D,µg,2065,200,0.0,leaves,2.0,0.3,200,Spices and Herbs
"Spearmint, fresh",Lysine,g,2065,200,0.141,leaves,2.0,0.3,200,Spices and Herbs
"Spearmint, fresh",Sodium,mg,2065,200,30.0,leaves,2.0,0.3,200,Spices and Herbs
"Spearmint, fresh",Leucine,g,2065,200,0.247,leaves,2.0,0.3,200,Spices and Herbs
"Spearmint, fresh","Folate, food",µg,2065,200,105.0,leaves,2.0,0.3,200,Spices and Herbs
"Spearmint, fresh",Iron,mg,2065,200,11.87,leaves,2.0,0.3,200,Spices and Herbs
"Spearmint, fresh",14:00,g,2065,200,0.004,leaves,2.0,0.3,200,Spices and Herbs
"Spearmint, fresh",16:00,g,2065,200,0.137,leaves,2.0,0.3,200,Spices and Herbs
"Spearmint, fresh",16:1 undifferentiated,g,2065,200,0.002,leaves,2.0,0.3,200,Spices and Herbs
"Spearmint, fresh",18:00,g,2065,200,0.02,leaves,2.0,0.3,200,Spices and Herbs
"Spearmint, fresh",Isoleucine,g,2065,200,0.135,leaves,2.0,0.3,200,Spices and Herbs
"Spearmint, fresh",18:2 undifferentiated,g,2065,200,0.054,leaves,2.0,0.3,200,Spices and Herbs
"Spearmint, fresh",18:3 undifferentiated,g,2065,200,0.338,leaves,2.0,0.3,200,Spices and Herbs
"Spearmint, fresh",Alanine,g,2065,200,0.171,leaves,2.0,0.3,200,Spices and Herbs
"Spearmint, fresh",Arginine,g,2065,200,0.151,leaves,2.0,0.3,200,Spices and Herbs
"Spearmint, fresh",Ash,g,2065,200,2.03,leaves,2.0,0.3,200,Spices and Herbs
"Spearmint, fresh",Aspartic acid,g,2065,200,0.388,leaves,2.0,0.3,200,Spices and Herbs
"Spearmint, fresh",Calcium,mg,2065,200,199.0,leaves,2.0,0.3,200,Spices and Herbs
"Spearmint, fresh",Carbohydrate,g,2065,200,8.41,leaves,2.0,0.3,200,Spices and Herbs
"Spearmint, fresh",Cholesterol,mg,2065,200,0.0,leaves,2.0,0.3,200,Spices and Herbs
"Spearmint, fresh",18:1 undifferentiated,g,2065,200,0.022,leaves,2.0,0.3,200,Spices and Herbs
"Spearmint, fresh",Cystine,g,2065,200,0.036,leaves,2.0,0.3,200,Spices and Herbs
"Spearmint, fresh",Copper,mg,2065,200,0.24,leaves,2.0,0.3,200,Spices and Herbs
"Spearmint, fresh",Histidine,g,2065,200,0.066,leaves,2.0,0.3,200,Spices and Herbs
"Spearmint, fresh",Glycine,g,2065,200,0.158,leaves,2.0,0.3,200,Spices and Herbs
"Spearmint, fresh",Folic acid,µg,2065,200,0.0,leaves,2.0,0.3,200,Spices and Herbs
"Spearmint, fresh","Folate, DFE",µg,2065,200,105.0,leaves,2.0,0.3,200,Spices and Herbs
"Spearmint, fresh",Folate,µg,2065,200,105.0,leaves,2.0,0.3,200,Spices and Herbs
"Spearmint, fresh",Glutamic acid,g,2065,200,0.358,leaves,2.0,0.3,200,Spices and Herbs
"Spearmint, fresh","Fatty acids, total saturated",g,2065,200,0.191,leaves,2.0,0.3,200,Spices and Herbs
"Spearmint, fresh","Fatty acids, total polyunsaturated",g,2065,200,0.394,leaves,2.0,0.3,200,Spices and Herbs
"Spearmint, fresh","Fatty acids, total monounsaturated",g,2065,200,0.025,leaves,2.0,0.3,200,Spices and Herbs
"Spearmint, fresh",Energy,kcal,2065,200,44.0,leaves,2.0,0.3,200,Spices and Herbs
"Spearmint, fresh",Energy,kJ,2065,200,184.0,leaves,2.0,0.3,200,Spices and Herbs
"Spearmint, fresh","Fatty acids, total trans",g,2065,200,0.0,leaves,2.0,0.3,200,Spices and Herbs
"Spices, allspice, ground",Phytosterols,mg,2001,200,61.0,tsp,1.0,1.9,200,Spices and Herbs
"Spices, allspice, ground",Phosphorus,mg,2001,200,113.0,tsp,1.0,1.9,200,Spices and Herbs
"Spices, allspice, ground",Niacin,mg,2001,200,2.86,tsp,1.0,1.9,200,Spices and Herbs
"Spices, allspice, ground",Manganese,mg,2001,200,2.943,tsp,1.0,1.9,200,Spices and Herbs
"Spices, allspice, ground",Magnesium,mg,2001,200,135.0,tsp,1.0,1.9,200,Spices and Herbs
"Spices, allspice, ground","Folate, DFE",µg,2001,200,36.0,tsp,1.0,1.9,200,Spices and Herbs
"Spices, allspice, ground",Folic acid,µg,2001,200,0.0,tsp,1.0,1.9,200,Spices and Herbs
"Spices, allspice, ground","Folate, food",µg,2001,200,36.0,tsp,1.0,1.9,200,Spices and Herbs
"Spices, allspice, ground",Potassium,mg,2001,200,1044.0,tsp,1.0,1.9,200,Spices and Herbs
"Spices, allspice, ground",Folate,µg,2001,200,36.0,tsp,1.0,1.9,200,Spices and Herbs
"Spices, allspice, ground","Fatty acids, total trans",g,2001,200,0.0,tsp,1.0,1.9,200,Spices and Herbs
"Spices, allspice, ground",Iron,mg,2001,200,7.06,tsp,1.0,1.9,200,Spices and Herbs
"Spices, allspice, ground",Protein,g,2001,200,6.09,tsp,1.0,1.9,200,Spices and Herbs
"Spices, allspice, ground",Thiamin,mg,2001,200,0.101,tsp,1.0,1.9,200,Spices and Herbs
"Spices, allspice, ground",Riboflavin,mg,2001,200,0.063,tsp,1.0,1.9,200,Spices and Herbs
"Spices, allspice, ground",Selenium,µg,2001,200,2.7,tsp,1.0,1.9,200,Spices and Herbs
"Spices, allspice, ground",Sodium,mg,2001,200,77.0,tsp,1.0,1.9,200,Spices and Herbs
"Spices, allspice, ground",Theobromine,mg,2001,200,0.0,tsp,1.0,1.9,200,Spices and Herbs
"Spices, allspice, ground",Total Fiber,g,2001,200,21.6,tsp,1.0,1.9,200,Spices and Herbs
"Spices, allspice, ground",Total Water,g,2001,200,8.46,tsp,1.0,1.9,200,Spices and Herbs
"Spices, allspice, ground",Total lipid (fat),g,2001,200,8.69,tsp,1.0,1.9,200,Spices and Herbs
"Spices, allspice, ground",Vitamin A,µg,2001,200,27.0,tsp,1.0,1.9,200,Spices and Herbs
"Spices, allspice, ground",Vitamin B-12,µg,2001,200,0.0,tsp,1.0,1.9,200,Spices and Herbs
"Spices, allspice, ground",Vitamin C,mg,2001,200,39.2,tsp,1.0,1.9,200,Spices and Herbs
"Spices, allspice, ground",Vitamin D,µg,2001,200,0.0,tsp,1.0,1.9,200,Spices and Herbs
"Spices, allspice, ground",Zinc,mg,2001,200,1.01,tsp,1.0,1.9,200,Spices and Herbs
"Spices, allspice, ground","Fatty acids, total saturated",g,2001,200,2.55,tsp,1.0,1.9,200,Spices and Herbs
"Spices, allspice, ground",Retinol,µg,2001,200,0.0,tsp,1.0,1.9,200,Spices and Herbs
"Spices, allspice, ground",Vitamin B-6,mg,2001,200,0.21,tsp,1.0,1.9,200,Spices and Herbs
"Spices, allspice, ground","Fatty acids, total monounsaturated",g,2001,200,0.66,tsp,1.0,1.9,200,Spices and Herbs
"Spices, allspice, ground",Energy,kcal,2001,200,263.0,tsp,1.0,1.9,200,Spices and Herbs
"Spices, allspice, ground",04:00,g,2001,200,0.0,tsp,1.0,1.9,200,Spices and Herbs
"Spices, allspice, ground",06:00,g,2001,200,0.0,tsp,1.0,1.9,200,Spices and Herbs
"Spices, allspice, ground",08:00,g,2001,200,0.0,tsp,1.0,1.9,200,Spices and Herbs
"Spices, allspice, ground",10:00,g,2001,200,0.0,tsp,1.0,1.9,200,Spices and Herbs
"Spices, allspice, ground",12:00,g,2001,200,0.0,tsp,1.0,1.9,200,Spices and Herbs
"Spices, allspice, ground",14:00,g,2001,200,0.02,tsp,1.0,1.9,200,Spices and Herbs
"Spices, allspice, ground",16:00,g,2001,200,0.49,tsp,1.0,1.9,200,Spices and Herbs
"Spices, allspice, ground",18:00,g,2001,200,1.99,tsp,1.0,1.9,200,Spices and Herbs
"Spices, allspice, ground",18:04,g,2001,200,0.0,tsp,1.0,1.9,200,Spices and Herbs
"Spices, allspice, ground",18:1 undifferentiated,g,2001,200,0.66,tsp,1.0,1.9,200,Spices and Herbs
"Spices, allspice, ground",18:2 undifferentiated,g,2001,200,2.29,tsp,1.0,1.9,200,Spices and Herbs
"Spices, allspice, ground",18:3 undifferentiated,g,2001,200,0.07,tsp,1.0,1.9,200,Spices and Herbs
"Spices, allspice, ground",20:01,g,2001,200,0.0,tsp,1.0,1.9,200,Spices and Herbs
"Spices, allspice, ground",16:1 undifferentiated,g,2001,200,0.0,tsp,1.0,1.9,200,Spices and Herbs
"Spices, allspice, ground",20:5 n-3 (EPA),g,2001,200,0.0,tsp,1.0,1.9,200,Spices and Herbs
"Spices, allspice, ground",20:4 undifferentiated,g,2001,200,0.0,tsp,1.0,1.9,200,Spices and Herbs
"Spices, allspice, ground",Energy,kJ,2001,200,1099.0,tsp,1.0,1.9,200,Spices and Herbs
"Spices, allspice, ground",Copper,mg,2001,200,0.553,tsp,1.0,1.9,200,Spices and Herbs
"Spices, allspice, ground",Cholesterol,mg,2001,200,0.0,tsp,1.0,1.9,200,Spices and Herbs
"Spices, allspice, ground",Carbohydrate,g,2001,200,72.12,tsp,1.0,1.9,200,Spices and Herbs
"Spices, allspice, ground",Calcium,mg,2001,200,661.0,tsp,1.0,1.9,200,Spices and Herbs
"Spices, allspice, ground","Fatty acids, total polyunsaturated",g,2001,200,2.36,tsp,1.0,1.9,200,Spices and Herbs
"Spices, allspice, ground",Ash,g,2001,200,4.65,tsp,1.0,1.9,200,Spices and Herbs
"Spices, allspice, ground",Alcohol,g,2001,200,0.0,tsp,1.0,1.9,200,Spices and Herbs
"Spices, allspice, ground",22:6 n-3 (DHA),g,2001,200,0.0,tsp,1.0,1.9,200,Spices and Herbs
"Spices, allspice, ground",22:5 n-3 (DPA),g,2001,200,0.0,tsp,1.0,1.9,200,Spices and Herbs
"Spices, allspice, ground",22:1 undifferentiated,g,2001,200,0.0,tsp,1.0,1.9,200,Spices and Herbs
"Spices, allspice, ground",Caffeine,mg,2001,200,0.0,tsp,1.0,1.9,200,Spices and Herbs
"Spices, anise seed",Protein,g,2002,200,17.6,"tsp, whole",1.0,2.1,200,Spices and Herbs
"Spices, anise seed",Potassium,mg,2002,200,1441.0,"tsp, whole",1.0,2.1,200,Spices and Herbs
"Spices, anise seed",Phosphorus,mg,2002,200,440.0,"tsp, whole",1.0,2.1,200,Spices and Herbs
"Spices, anise seed",Pantothenic Acid,mg,2002,200,0.797,"tsp, whole",1.0,2.1,200,Spices and Herbs
"Spices, anise seed",Niacin,mg,2002,200,3.06,"tsp, whole",1.0,2.1,200,Spices and Herbs
"Spices, anise seed",Iron,mg,2002,200,36.96,"tsp, whole",1.0,2.1,200,Spices and Herbs
"Spices, anise seed",Magnesium,mg,2002,200,170.0,"tsp, whole",1.0,2.1,200,Spices and Herbs
"Spices, anise seed",Folic acid,µg,2002,200,0.0,"tsp, whole",1.0,2.1,200,Spices and Herbs
"Spices, anise seed","Folate, food",µg,2002,200,10.0,"tsp, whole",1.0,2.1,200,Spices and Herbs
"Spices, anise seed","Folate, DFE",µg,2002,200,10.0,"tsp, whole",1.0,2.1,200,Spices and Herbs
"Spices, anise seed",Retinol,µg,2002,200,0.0,"tsp, whole",1.0,2.1,200,Spices and Herbs
"Spices, anise seed",Manganese,mg,2002,200,2.3,"tsp, whole",1.0,2.1,200,Spices and Herbs
"Spices, anise seed",Folate,µg,2002,200,10.0,"tsp, whole",1.0,2.1,200,Spices and Herbs
"Spices, anise seed",Zinc,mg,2002,200,5.3,"tsp, whole",1.0,2.1,200,Spices and Herbs
"Spices, anise seed",Sodium,mg,2002,200,16.0,"tsp, whole",1.0,2.1,200,Spices and Herbs
"Spices, anise seed",Theobromine,mg,2002,200,0.0,"tsp, whole",1.0,2.1,200,Spices and Herbs
"Spices, anise seed",Thiamin,mg,2002,200,0.34,"tsp, whole",1.0,2.1,200,Spices and Herbs
"Spices, anise seed",Total Fiber,g,2002,200,14.6,"tsp, whole",1.0,2.1,200,Spices and Herbs
"Spices, anise seed",Total Water,g,2002,200,9.54,"tsp, whole",1.0,2.1,200,Spices and Herbs
"Spices, anise seed",Total lipid (fat),g,2002,200,15.9,"tsp, whole",1.0,2.1,200,Spices and Herbs
"Spices, anise seed",Vitamin A,µg,2002,200,16.0,"tsp, whole",1.0,2.1,200,Spices and Herbs
"Spices, anise seed",Vitamin B-12,µg,2002,200,0.0,"tsp, whole",1.0,2.1,200,Spices and Herbs
"Spices, anise seed",Vitamin B-6,mg,2002,200,0.65,"tsp, whole",1.0,2.1,200,Spices and Herbs
"Spices, anise seed",Vitamin C,mg,2002,200,21.0,"tsp, whole",1.0,2.1,200,Spices and Herbs
"Spices, anise seed",Vitamin D,µg,2002,200,0.0,"tsp, whole",1.0,2.1,200,Spices and Herbs
"Spices, anise seed","Fatty acids, total saturated",g,2002,200,0.586,"tsp, whole",1.0,2.1,200,Spices and Herbs
"Spices, anise seed",Selenium,µg,2002,200,5.0,"tsp, whole",1.0,2.1,200,Spices and Herbs
"Spices, anise seed","Fatty acids, total polyunsaturated",g,2002,200,3.15,"tsp, whole",1.0,2.1,200,Spices and Herbs
"Spices, anise seed",Riboflavin,mg,2002,200,0.29,"tsp, whole",1.0,2.1,200,Spices and Herbs
"Spices, anise seed",Energy,kcal,2002,200,337.0,"tsp, whole",1.0,2.1,200,Spices and Herbs
"Spices, anise seed","Fatty acids, total monounsaturated",g,2002,200,9.78,"tsp, whole",1.0,2.1,200,Spices and Herbs
"Spices, anise seed",04:00,g,2002,200,0.0,"tsp, whole",1.0,2.1,200,Spices and Herbs
"Spices, anise seed",06:00,g,2002,200,0.0,"tsp, whole",1.0,2.1,200,Spices and Herbs
"Spices, anise seed",08:00,g,2002,200,0.0,"tsp, whole",1.0,2.1,200,Spices and Herbs
"Spices, anise seed",10:00,g,2002,200,0.0,"tsp, whole",1.0,2.1,200,Spices and Herbs
"Spices, anise seed",12:00,g,2002,200,0.0,"tsp, whole",1.0,2.1,200,Spices and Herbs
"Spices, anise seed",14:00,g,2002,200,0.0,"tsp, whole",1.0,2.1,200,Spices and Herbs
"Spices, anise seed",16:00,g,2002,200,0.0,"tsp, whole",1.0,2.1,200,Spices and Herbs
"Spices, anise seed",18:00,g,2002,200,0.0,"tsp, whole",1.0,2.1,200,Spices and Herbs
"Spices, anise seed",18:04,g,2002,200,0.0,"tsp, whole",1.0,2.1,200,Spices and Herbs
"Spices, anise seed",18:1 undifferentiated,g,2002,200,9.78,"tsp, whole",1.0,2.1,200,Spices and Herbs
"Spices, anise seed",18:2 undifferentiated,g,2002,200,3.15,"tsp, whole",1.0,2.1,200,Spices and Herbs
"Spices, anise seed",18:3 undifferentiated,g,2002,200,0.0,"tsp, whole",1.0,2.1,200,Spices and Herbs
"Spices, anise seed",16:1 undifferentiated,g,2002,200,0.0,"tsp, whole",1.0,2.1,200,Spices and Herbs
"Spices, anise seed",20:4 undifferentiated,g,2002,200,0.0,"tsp, whole",1.0,2.1,200,Spices and Herbs
"Spices, anise seed",20:01,g,2002,200,0.0,"tsp, whole",1.0,2.1,200,Spices and Herbs
"Spices, anise seed",Copper,mg,2002,200,0.91,"tsp, whole",1.0,2.1,200,Spices and Herbs
"Spices, anise seed",Cholesterol,mg,2002,200,0.0,"tsp, whole",1.0,2.1,200,Spices and Herbs
"Spices, anise seed",Carbohydrate,g,2002,200,50.02,"tsp, whole",1.0,2.1,200,Spices and Herbs
"Spices, anise seed",Caffeine,mg,2002,200,0.0,"tsp, whole",1.0,2.1,200,Spices and Herbs
"Spices, anise seed",Ash,g,2002,200,6.95,"tsp, whole",1.0,2.1,200,Spices and Herbs
"Spices, anise seed",Calcium,mg,2002,200,646.0,"tsp, whole",1.0,2.1,200,Spices and Herbs
"Spices, anise seed",Energy,kJ,2002,200,1411.0,"tsp, whole",1.0,2.1,200,Spices and Herbs
"Spices, anise seed",22:6 n-3 (DHA),g,2002,200,0.0,"tsp, whole",1.0,2.1,200,Spices and Herbs
"Spices, anise seed",22:5 n-3 (DPA),g,2002,200,0.0,"tsp, whole",1.0,2.1,200,Spices and Herbs
"Spices, anise seed",22:1 undifferentiated,g,2002,200,0.0,"tsp, whole",1.0,2.1,200,Spices and Herbs
"Spices, anise seed",20:5 n-3 (EPA),g,2002,200,0.0,"tsp, whole",1.0,2.1,200,Spices and Herbs
"Spices, anise seed",Alcohol,g,2002,200,0.0,"tsp, whole",1.0,2.1,200,Spices and Herbs
"Spices, basil, dried",Pantothenic Acid,mg,2003,200,0.838,"tsp, leaves",1.0,0.7,200,Spices and Herbs
"Spices, basil, dried",Manganese,mg,2003,200,9.8,"tsp, leaves",1.0,0.7,200,Spices and Herbs
"Spices, basil, dried",Methionine,g,2003,200,0.32,"tsp, leaves",1.0,0.7,200,Spices and Herbs
"Spices, basil, dried",Niacin,mg,2003,200,4.9,"tsp, leaves",1.0,0.7,200,Spices and Herbs
"Spices, basil, dried",Phenylalanine,g,2003,200,1.25,"tsp, leaves",1.0,0.7,200,Spices and Herbs
"Spices, basil, dried",Retinol,µg,2003,200,0.0,"tsp, leaves",1.0,0.7,200,Spices and Herbs
"Spices, basil, dried",Phytosterols,mg,2003,200,106.0,"tsp, leaves",1.0,0.7,200,Spices and Herbs
"Spices, basil, dried",Potassium,mg,2003,200,2630.0,"tsp, leaves",1.0,0.7,200,Spices and Herbs
"Spices, basil, dried",Proline,g,2003,200,2.7,"tsp, leaves",1.0,0.7,200,Spices and Herbs
"Spices, basil, dried",Protein,g,2003,200,22.98,"tsp, leaves",1.0,0.7,200,Spices and Herbs
"Spices, basil, dried",Maltose,g,2003,200,0.0,"tsp, leaves",1.0,0.7,200,Spices and Herbs
"Spices, basil, dried",Phosphorus,mg,2003,200,274.0,"tsp, leaves",1.0,0.7,200,Spices and Herbs
"Spices, basil, dried",Magnesium,mg,2003,200,711.0,"tsp, leaves",1.0,0.7,200,Spices and Herbs
"Spices, basil, dried",Fructose,g,2003,200,0.75,"tsp, leaves",1.0,0.7,200,Spices and Herbs
"Spices, basil, dried",Lycopene,µg,2003,200,393.0,"tsp, leaves",1.0,0.7,200,Spices and Herbs
"Spices, basil, dried",Lutein + zeaxanthin,µg,2003,200,1150.0,"tsp, leaves",1.0,0.7,200,Spices and Herbs
"Spices, basil, dried",Leucine,g,2003,200,1.85,"tsp, leaves",1.0,0.7,200,Spices and Herbs
"Spices, basil, dried",Lactose,g,2003,200,0.0,"tsp, leaves",1.0,0.7,200,Spices and Herbs
"Spices, basil, dried",Isoleucine,g,2003,200,1.06,"tsp, leaves",1.0,0.7,200,Spices and Herbs
"Spices, basil, dried",Iron,mg,2003,200,89.8,"tsp, leaves",1.0,0.7,200,Spices and Herbs
"Spices, basil, dried",Hydroxyproline,g,2003,200,0.0,"tsp, leaves",1.0,0.7,200,Spices and Herbs
"Spices, basil, dried",Histidine,g,2003,200,0.45,"tsp, leaves",1.0,0.7,200,Spices and Herbs
"Spices, basil, dried",Glycine,g,2003,200,1.25,"tsp, leaves",1.0,0.7,200,Spices and Herbs
"Spices, basil, dried",Glutamic acid,g,2003,200,2.57,"tsp, leaves",1.0,0.7,200,Spices and Herbs
"Spices, basil, dried",Glucose (dextrose),g,2003,200,0.75,"tsp, leaves",1.0,0.7,200,Spices and Herbs
"Spices, basil, dried",Galactose,g,2003,200,0.19,"tsp, leaves",1.0,0.7,200,Spices and Herbs
"Spices, basil, dried",Riboflavin,mg,2003,200,1.2,"tsp, leaves",1.0,0.7,200,Spices and Herbs
"Spices, basil, dried",Lysine,g,2003,200,1.15,"tsp, leaves",1.0,0.7,200,Spices and Herbs
"Spices, basil, dried",Selenium,µg,2003,200,3.0,"tsp, leaves",1.0,0.7,200,Spices and Herbs
"Spices, basil, dried",Total Fiber,g,2003,200,37.7,"tsp, leaves",1.0,0.7,200,Spices and Herbs
"Spices, basil, dried",Sodium,mg,2003,200,76.0,"tsp, leaves",1.0,0.7,200,Spices and Herbs
"Spices, basil, dried",Folic acid,µg,2003,200,0.0,"tsp, leaves",1.0,0.7,200,Spices and Herbs
"Spices, basil, dried",Zinc,mg,2003,200,7.1,"tsp, leaves",1.0,0.7,200,Spices and Herbs
"Spices, basil, dried",Vitamin K,µg,2003,200,1714.5,"tsp, leaves",1.0,0.7,200,Spices and Herbs
"Spices, basil, dried","Vitamin E, added",mg,2003,200,0.0,"tsp, leaves",1.0,0.7,200,Spices and Herbs
"Spices, basil, dried",Vitamin E,mg,2003,200,10.7,"tsp, leaves",1.0,0.7,200,Spices and Herbs
"Spices, basil, dried",Vitamin D,µg,2003,200,0.0,"tsp, leaves",1.0,0.7,200,Spices and Herbs
"Spices, basil, dried",Vitamin C,mg,2003,200,0.8,"tsp, leaves",1.0,0.7,200,Spices and Herbs
"Spices, basil, dried",Vitamin B-6,mg,2003,200,1.34,"tsp, leaves",1.0,0.7,200,Spices and Herbs
"Spices, basil, dried","Vitamin B-12, added",µg,2003,200,0.0,"tsp, leaves",1.0,0.7,200,Spices and Herbs
"Spices, basil, dried",Vitamin B-12,µg,2003,200,0.0,"tsp, leaves",1.0,0.7,200,Spices and Herbs
"Spices, basil, dried",Vitamin A,µg,2003,200,37.0,"tsp, leaves",1.0,0.7,200,Spices and Herbs
"Spices, basil, dried",Valine,g,2003,200,1.45,"tsp, leaves",1.0,0.7,200,Spices and Herbs
"Spices, basil, dried",Tyrosine,g,2003,200,0.75,"tsp, leaves",1.0,0.7,200,Spices and Herbs
"Spices, basil, dried",Tryptophan,g,2003,200,0.26,"tsp, leaves",1.0,0.7,200,Spices and Herbs
"Spices, basil, dried",Total lipid (fat),g,2003,200,4.07,"tsp, leaves",1.0,0.7,200,Spices and Herbs
"Spices, basil, dried",Total Water,g,2003,200,10.35,"tsp, leaves",1.0,0.7,200,Spices and Herbs
"Spices, basil, dried","Tocotrienol, delta",mg,2003,200,0.0,"tsp, leaves",1.0,0.7,200,Spices and Herbs
"Spices, basil, dried","Tocotrienol, beta",mg,2003,200,0.0,"tsp, leaves",1.0,0.7,200,Spices and Herbs
"Spices, basil, dried","Tocotrienol, alpha",mg,2003,200,0.0,"tsp, leaves",1.0,0.7,200,Spices and Herbs
"Spices, basil, dried","Tocopherol, gamma",mg,2003,200,0.77,"tsp, leaves",1.0,0.7,200,Spices and Herbs
"Spices, basil, dried","Tocopherol, delta",mg,2003,200,0.0,"tsp, leaves",1.0,0.7,200,Spices and Herbs
"Spices, basil, dried","Tocopherol, beta",mg,2003,200,0.0,"tsp, leaves",1.0,0.7,200,Spices and Herbs
"Spices, basil, dried",Threonine,g,2003,200,0.76,"tsp, leaves",1.0,0.7,200,Spices and Herbs
"Spices, basil, dried",Thiamin,mg,2003,200,0.08,"tsp, leaves",1.0,0.7,200,Spices and Herbs
"Spices, basil, dried",Theobromine,mg,2003,200,0.0,"tsp, leaves",1.0,0.7,200,Spices and Herbs
"Spices, basil, dried","Sugars, total",g,2003,200,1.71,"tsp, leaves",1.0,0.7,200,Spices and Herbs
"Spices, basil, dried",Sucrose,g,2003,200,0.02,"tsp, leaves",1.0,0.7,200,Spices and Herbs
"Spices, basil, dried",Serine,g,2003,200,0.53,"tsp, leaves",1.0,0.7,200,Spices and Herbs
"Spices, basil, dried","Folate, food",µg,2003,200,310.0,"tsp, leaves",1.0,0.7,200,Spices and Herbs
"Spices, basil, dried","Tocotrienol, gamma",mg,2003,200,0.0,"tsp, leaves",1.0,0.7,200,Spices and Herbs
"Spices, basil, dried",Folate,µg,2003,200,310.0,"tsp, leaves",1.0,0.7,200,Spices and Herbs
"Spices, basil, dried",20:4 undifferentiated,g,2003,200,0.0,"tsp, leaves",1.0,0.7,200,Spices and Herbs
"Spices, basil, dried",20:3 undifferentiated,g,2003,200,0.0,"tsp, leaves",1.0,0.7,200,Spices and Herbs
"Spices, basil, dried","20:2 n-6 c,c",g,2003,200,0.0,"tsp, leaves",1.0,0.7,200,Spices and Herbs
"Spices, basil, dried",20:01,g,2003,200,0.0,"tsp, leaves",1.0,0.7,200,Spices and Herbs
"Spices, basil, dried",20:00,g,2003,200,0.0,"tsp, leaves",1.0,0.7,200,Spices and Herbs
"Spices, basil, dried",18:3 undifferentiated,g,2003,200,0.3,"tsp, leaves",1.0,0.7,200,Spices and Herbs
"Spices, basil, dried","18:3 n-6 c,c,c",g,2003,200,0.004,"tsp, leaves",1.0,0.7,200,Spices and Herbs
"Spices, basil, dried",18:2 undifferentiated,g,2003,200,0.199,"tsp, leaves",1.0,0.7,200,Spices and Herbs
"Spices, basil, dried",18:1 undifferentiated,g,2003,200,1.067,"tsp, leaves",1.0,0.7,200,Spices and Herbs
"Spices, basil, dried",18:1 t,g,2003,200,0.0,"tsp, leaves",1.0,0.7,200,Spices and Herbs
"Spices, basil, dried",18:1 c,g,2003,200,1.067,"tsp, leaves",1.0,0.7,200,Spices and Herbs
"Spices, basil, dried",18:04,g,2003,200,0.0,"tsp, leaves",1.0,0.7,200,Spices and Herbs
"Spices, basil, dried",18:00,g,2003,200,1.075,"tsp, leaves",1.0,0.7,200,Spices and Herbs
"Spices, basil, dried",17:01,g,2003,200,0.0,"tsp, leaves",1.0,0.7,200,Spices and Herbs
"Spices, basil, dried",17:00,g,2003,200,0.0,"tsp, leaves",1.0,0.7,200,Spices and Herbs
"Spices, basil, dried",16:1 undifferentiated,g,2003,200,0.171,"tsp, leaves",1.0,0.7,200,Spices and Herbs
"Spices, basil, dried",16:00,g,2003,200,1.036,"tsp, leaves",1.0,0.7,200,Spices and Herbs
"Spices, basil, dried",15:01,g,2003,200,0.0,"tsp, leaves",1.0,0.7,200,Spices and Herbs
"Spices, basil, dried",15:00,g,2003,200,0.0,"tsp, leaves",1.0,0.7,200,Spices and Herbs
"Spices, basil, dried",14:01,g,2003,200,0.0,"tsp, leaves",1.0,0.7,200,Spices and Herbs
"Spices, basil, dried",14:00,g,2003,200,0.046,"tsp, leaves",1.0,0.7,200,Spices and Herbs
"Spices, basil, dried",13:00,g,2003,200,0.0,"tsp, leaves",1.0,0.7,200,Spices and Herbs
"Spices, basil, dried",12:00,g,2003,200,0.0,"tsp, leaves",1.0,0.7,200,Spices and Herbs
"Spices, basil, dried",10:00,g,2003,200,0.0,"tsp, leaves",1.0,0.7,200,Spices and Herbs
"Spices, basil, dried",08:00,g,2003,200,0.0,"tsp, leaves",1.0,0.7,200,Spices and Herbs
"Spices, basil, dried",06:00,g,2003,200,0.0,"tsp, leaves",1.0,0.7,200,Spices and Herbs
"Spices, basil, dried",04:00,g,2003,200,0.0,"tsp, leaves",1.0,0.7,200,Spices and Herbs
"Spices, basil, dried",20:5 n-3 (EPA),g,2003,200,0.0,"tsp, leaves",1.0,0.7,200,Spices and Herbs
"Spices, basil, dried",22:00,g,2003,200,0.0,"tsp, leaves",1.0,0.7,200,Spices and Herbs
"Spices, basil, dried","Folate, DFE",µg,2003,200,310.0,"tsp, leaves",1.0,0.7,200,Spices and Herbs
"Spices, basil, dried",22:5 n-3 (DPA),g,2003,200,0.0,"tsp, leaves",1.0,0.7,200,Spices and Herbs
"Spices, basil, dried","Fatty acids, total trans-monoenoic",g,2003,200,0.0,"tsp, leaves",1.0,0.7,200,Spices and Herbs
"Spices, basil, dried",22:1 undifferentiated,g,2003,200,0.0,"tsp, leaves",1.0,0.7,200,Spices and Herbs
"Spices, basil, dried","Fatty acids, total saturated",g,2003,200,2.157,"tsp, leaves",1.0,0.7,200,Spices and Herbs
"Spices, basil, dried","Fatty acids, total polyunsaturated",g,2003,200,0.498,"tsp, leaves",1.0,0.7,200,Spices and Herbs
"Spices, basil, dried","Fatty acids, total monounsaturated",g,2003,200,1.238,"tsp, leaves",1.0,0.7,200,Spices and Herbs
"Spices, basil, dried",Energy,kcal,2003,200,233.0,"tsp, leaves",1.0,0.7,200,Spices and Herbs
"Spices, basil, dried",Energy,kJ,2003,200,976.0,"tsp, leaves",1.0,0.7,200,Spices and Herbs
"Spices, basil, dried",Dihydrophylloquinone,µg,2003,200,0.0,"tsp, leaves",1.0,0.7,200,Spices and Herbs
"Spices, basil, dried",Cystine,g,2003,200,0.19,"tsp, leaves",1.0,0.7,200,Spices and Herbs
"Spices, basil, dried","Cryptoxanthin, beta",µg,2003,200,24.0,"tsp, leaves",1.0,0.7,200,Spices and Herbs
"Spices, basil, dried",Copper,mg,2003,200,2.1,"tsp, leaves",1.0,0.7,200,Spices and Herbs
"Spices, basil, dried",Choline,mg,2003,200,54.9,"tsp, leaves",1.0,0.7,200,Spices and Herbs
"Spices, basil, dried",Cholesterol,mg,2003,200,0.0,"tsp, leaves",1.0,0.7,200,Spices and Herbs
"Spices, basil, dried","Carotene, beta",µg,2003,200,378.0,"tsp, leaves",1.0,0.7,200,Spices and Herbs
"Spices, basil, dried","Fatty acids, total trans",g,2003,200,0.0,"tsp, leaves",1.0,0.7,200,Spices and Herbs
"Spices, basil, dried",Carbohydrate,g,2003,200,47.75,"tsp, leaves",1.0,0.7,200,Spices and Herbs
"Spices, basil, dried","Carotene, alpha",µg,2003,200,113.0,"tsp, leaves",1.0,0.7,200,Spices and Herbs
"Spices, basil, dried",24:00:00,g,2003,200,0.0,"tsp, leaves",1.0,0.7,200,Spices and Herbs
"Spices, basil, dried",24:1 c,g,2003,200,0.0,"tsp, leaves",1.0,0.7,200,Spices and Herbs
"Spices, basil, dried",Alanine,g,2003,200,1.18,"tsp, leaves",1.0,0.7,200,Spices and Herbs
"Spices, basil, dried",Alcohol,g,2003,200,0.0,"tsp, leaves",1.0,0.7,200,Spices and Herbs
"Spices, basil, dried",Alpha-Linolenic Acid,g,2003,200,0.296,"tsp, leaves",1.0,0.7,200,Spices and Herbs
"Spices, basil, dried",22:6 n-3 (DHA),g,2003,200,0.0,"tsp, leaves",1.0,0.7,200,Spices and Herbs
"Spices, basil, dried",Ash,g,2003,200,14.85,"tsp, leaves",1.0,0.7,200,Spices and Herbs
"Spices, basil, dried",Aspartic acid,g,2003,200,3.02,"tsp, leaves",1.0,0.7,200,Spices and Herbs
"Spices, basil, dried",Betaine,mg,2003,200,16.1,"tsp, leaves",1.0,0.7,200,Spices and Herbs
"Spices, basil, dried",Caffeine,mg,2003,200,0.0,"tsp, leaves",1.0,0.7,200,Spices and Herbs
"Spices, basil, dried",Calcium,mg,2003,200,2240.0,"tsp, leaves",1.0,0.7,200,Spices and Herbs
"Spices, basil, dried",Arginine,g,2003,200,1.23,"tsp, leaves",1.0,0.7,200,Spices and Herbs
"Spices, bay leaf",Potassium,mg,2004,200,529.0,"tsp, crumbled",1.0,0.6,200,Spices and Herbs
"Spices, bay leaf",Phosphorus,mg,2004,200,113.0,"tsp, crumbled",1.0,0.6,200,Spices and Herbs
"Spices, bay leaf",Niacin,mg,2004,200,2.005,"tsp, crumbled",1.0,0.6,200,Spices and Herbs
"Spices, bay leaf",Manganese,mg,2004,200,8.167,"tsp, crumbled",1.0,0.6,200,Spices and Herbs
"Spices, bay leaf","Fatty acids, total trans",g,2004,200,0.0,"tsp, crumbled",1.0,0.6,200,Spices and Herbs
"Spices, bay leaf",Folic acid,µg,2004,200,0.0,"tsp, crumbled",1.0,0.6,200,Spices and Herbs
"Spices, bay leaf",Iron,mg,2004,200,43.0,"tsp, crumbled",1.0,0.6,200,Spices and Herbs
"Spices, bay leaf","Folate, food",µg,2004,200,180.0,"tsp, crumbled",1.0,0.6,200,Spices and Herbs
"Spices, bay leaf","Folate, DFE",µg,2004,200,180.0,"tsp, crumbled",1.0,0.6,200,Spices and Herbs
"Spices, bay leaf",Folate,µg,2004,200,180.0,"tsp, crumbled",1.0,0.6,200,Spices and Herbs
"Spices, bay leaf",Protein,g,2004,200,7.61,"tsp, crumbled",1.0,0.6,200,Spices and Herbs
"Spices, bay leaf",Magnesium,mg,2004,200,120.0,"tsp, crumbled",1.0,0.6,200,Spices and Herbs
"Spices, bay leaf",Retinol,µg,2004,200,0.0,"tsp, crumbled",1.0,0.6,200,Spices and Herbs
"Spices, bay leaf",Total lipid (fat),g,2004,200,8.36,"tsp, crumbled",1.0,0.6,200,Spices and Herbs
"Spices, bay leaf",Selenium,µg,2004,200,2.8,"tsp, crumbled",1.0,0.6,200,Spices and Herbs
"Spices, bay leaf",Sodium,mg,2004,200,23.0,"tsp, crumbled",1.0,0.6,200,Spices and Herbs
"Spices, bay leaf",Thiamin,mg,2004,200,0.009,"tsp, crumbled",1.0,0.6,200,Spices and Herbs
"Spices, bay leaf",Total Fiber,g,2004,200,26.3,"tsp, crumbled",1.0,0.6,200,Spices and Herbs
"Spices, bay leaf",Total Water,g,2004,200,5.44,"tsp, crumbled",1.0,0.6,200,Spices and Herbs
"Spices, bay leaf",Vitamin A,µg,2004,200,309.0,"tsp, crumbled",1.0,0.6,200,Spices and Herbs
"Spices, bay leaf",Vitamin B-12,µg,2004,200,0.0,"tsp, crumbled",1.0,0.6,200,Spices and Herbs
"Spices, bay leaf",Vitamin B-6,mg,2004,200,1.74,"tsp, crumbled",1.0,0.6,200,Spices and Herbs
"Spices, bay leaf",Vitamin C,mg,2004,200,46.5,"tsp, crumbled",1.0,0.6,200,Spices and Herbs
"Spices, bay leaf",Vitamin D,µg,2004,200,0.0,"tsp, crumbled",1.0,0.6,200,Spices and Herbs
"Spices, bay leaf",Zinc,mg,2004,200,3.7,"tsp, crumbled",1.0,0.6,200,Spices and Herbs
"Spices, bay leaf","Fatty acids, total saturated",g,2004,200,2.28,"tsp, crumbled",1.0,0.6,200,Spices and Herbs
"Spices, bay leaf",Riboflavin,mg,2004,200,0.421,"tsp, crumbled",1.0,0.6,200,Spices and Herbs
"Spices, bay leaf","Fatty acids, total polyunsaturated",g,2004,200,2.29,"tsp, crumbled",1.0,0.6,200,Spices and Herbs
"Spices, bay leaf",22:6 n-3 (DHA),g,2004,200,0.0,"tsp, crumbled",1.0,0.6,200,Spices and Herbs
"Spices, bay leaf",Energy,kcal,2004,200,313.0,"tsp, crumbled",1.0,0.6,200,Spices and Herbs
"Spices, bay leaf","Fatty acids, total monounsaturated",g,2004,200,1.64,"tsp, crumbled",1.0,0.6,200,Spices and Herbs
"Spices, bay leaf",04:00,g,2004,200,0.0,"tsp, crumbled",1.0,0.6,200,Spices and Herbs
"Spices, bay leaf",06:00,g,2004,200,0.0,"tsp, crumbled",1.0,0.6,200,Spices and Herbs
"Spices, bay leaf",08:00,g,2004,200,0.01,"tsp, crumbled",1.0,0.6,200,Spices and Herbs
"Spices, bay leaf",12:00,g,2004,200,0.53,"tsp, crumbled",1.0,0.6,200,Spices and Herbs
"Spices, bay leaf",14:00,g,2004,200,0.21,"tsp, crumbled",1.0,0.6,200,Spices and Herbs
"Spices, bay leaf",16:00,g,2004,200,1.27,"tsp, crumbled",1.0,0.6,200,Spices and Herbs
"Spices, bay leaf",16:1 undifferentiated,g,2004,200,0.14,"tsp, crumbled",1.0,0.6,200,Spices and Herbs
"Spices, bay leaf",18:00,g,2004,200,0.16,"tsp, crumbled",1.0,0.6,200,Spices and Herbs
"Spices, bay leaf",18:04,g,2004,200,0.0,"tsp, crumbled",1.0,0.6,200,Spices and Herbs
"Spices, bay leaf",18:1 undifferentiated,g,2004,200,1.5,"tsp, crumbled",1.0,0.6,200,Spices and Herbs
"Spices, bay leaf",18:2 undifferentiated,g,2004,200,1.24,"tsp, crumbled",1.0,0.6,200,Spices and Herbs
"Spices, bay leaf",18:3 undifferentiated,g,2004,200,1.05,"tsp, crumbled",1.0,0.6,200,Spices and Herbs
"Spices, bay leaf",10:00,g,2004,200,0.01,"tsp, crumbled",1.0,0.6,200,Spices and Herbs
"Spices, bay leaf",20:4 undifferentiated,g,2004,200,0.0,"tsp, crumbled",1.0,0.6,200,Spices and Herbs
"Spices, bay leaf",20:01,g,2004,200,0.0,"tsp, crumbled",1.0,0.6,200,Spices and Herbs
"Spices, bay leaf",Copper,mg,2004,200,0.416,"tsp, crumbled",1.0,0.6,200,Spices and Herbs
"Spices, bay leaf",Energy,kJ,2004,200,1312.0,"tsp, crumbled",1.0,0.6,200,Spices and Herbs
"Spices, bay leaf",Carbohydrate,g,2004,200,74.97,"tsp, crumbled",1.0,0.6,200,Spices and Herbs
"Spices, bay leaf",Calcium,mg,2004,200,834.0,"tsp, crumbled",1.0,0.6,200,Spices and Herbs
"Spices, bay leaf",Cholesterol,mg,2004,200,0.0,"tsp, crumbled",1.0,0.6,200,Spices and Herbs
"Spices, bay leaf",Alcohol,g,2004,200,0.0,"tsp, crumbled",1.0,0.6,200,Spices and Herbs
"Spices, bay leaf",22:5 n-3 (DPA),g,2004,200,0.0,"tsp, crumbled",1.0,0.6,200,Spices and Herbs
"Spices, bay leaf",22:1 undifferentiated,g,2004,200,0.0,"tsp, crumbled",1.0,0.6,200,Spices and Herbs
"Spices, bay leaf",20:5 n-3 (EPA),g,2004,200,0.0,"tsp, crumbled",1.0,0.6,200,Spices and Herbs
"Spices, bay leaf",Ash,g,2004,200,3.62,"tsp, crumbled",1.0,0.6,200,Spices and Herbs
"Spices, caraway seed",Retinol,µg,2005,200,0.0,tsp,1.0,2.1,200,Spices and Herbs
"Spices, caraway seed",Riboflavin,mg,2005,200,0.379,tsp,1.0,2.1,200,Spices and Herbs
"Spices, caraway seed",Protein,g,2005,200,19.77,tsp,1.0,2.1,200,Spices and Herbs
"Spices, caraway seed",Proline,g,2005,200,0.917,tsp,1.0,2.1,200,Spices and Herbs
"Spices, caraway seed",Potassium,mg,2005,200,1351.0,tsp,1.0,2.1,200,Spices and Herbs
"Spices, caraway seed",Phytosterols,mg,2005,200,76.0,tsp,1.0,2.1,200,Spices and Herbs
"Spices, caraway seed",Phosphorus,mg,2005,200,568.0,tsp,1.0,2.1,200,Spices and Herbs
"Spices, caraway seed",Phenylalanine,g,2005,200,0.867,tsp,1.0,2.1,200,Spices and Herbs
"Spices, caraway seed",Methionine,g,2005,200,0.361,tsp,1.0,2.1,200,Spices and Herbs
"Spices, caraway seed",Lutein + zeaxanthin,µg,2005,200,454.0,tsp,1.0,2.1,200,Spices and Herbs
"Spices, caraway seed",Magnesium,mg,2005,200,258.0,tsp,1.0,2.1,200,Spices and Herbs
"Spices, caraway seed",Lysine,g,2005,200,1.031,tsp,1.0,2.1,200,Spices and Herbs
"Spices, caraway seed",Lycopene,µg,2005,200,20.0,tsp,1.0,2.1,200,Spices and Herbs
"Spices, caraway seed",Leucine,g,2005,200,1.218,tsp,1.0,2.1,200,Spices and Herbs
"Spices, caraway seed",Isoleucine,g,2005,200,0.826,tsp,1.0,2.1,200,Spices and Herbs
"Spices, caraway seed",Iron,mg,2005,200,16.23,tsp,1.0,2.1,200,Spices and Herbs
"Spices, caraway seed",Selenium,µg,2005,200,12.1,tsp,1.0,2.1,200,Spices and Herbs
"Spices, caraway seed",Histidine,g,2005,200,0.55,tsp,1.0,2.1,200,Spices and Herbs
"Spices, caraway seed",Manganese,mg,2005,200,1.3,tsp,1.0,2.1,200,Spices and Herbs
"Spices, caraway seed",Serine,g,2005,200,0.946,tsp,1.0,2.1,200,Spices and Herbs
"Spices, caraway seed","Vitamin B-12, added",µg,2005,200,0.0,tsp,1.0,2.1,200,Spices and Herbs
"Spices, caraway seed","Sugars, total",g,2005,200,0.64,tsp,1.0,2.1,200,Spices and Herbs
"Spices, caraway seed",Glycine,g,2005,200,1.322,tsp,1.0,2.1,200,Spices and Herbs
"Spices, caraway seed",Zinc,mg,2005,200,5.5,tsp,1.0,2.1,200,Spices and Herbs
"Spices, caraway seed",Vitamin K,µg,2005,200,0.0,tsp,1.0,2.1,200,Spices and Herbs
"Spices, caraway seed","Vitamin E, added",mg,2005,200,0.0,tsp,1.0,2.1,200,Spices and Herbs
"Spices, caraway seed",Vitamin E,mg,2005,200,2.5,tsp,1.0,2.1,200,Spices and Herbs
"Spices, caraway seed",Vitamin D,µg,2005,200,0.0,tsp,1.0,2.1,200,Spices and Herbs
"Spices, caraway seed",Vitamin C,mg,2005,200,21.0,tsp,1.0,2.1,200,Spices and Herbs
"Spices, caraway seed",Vitamin B-6,mg,2005,200,0.36,tsp,1.0,2.1,200,Spices and Herbs
"Spices, caraway seed",Vitamin B-12,µg,2005,200,0.0,tsp,1.0,2.1,200,Spices and Herbs
"Spices, caraway seed",Vitamin A,µg,2005,200,18.0,tsp,1.0,2.1,200,Spices and Herbs
"Spices, caraway seed",Valine,g,2005,200,1.037,tsp,1.0,2.1,200,Spices and Herbs
"Spices, caraway seed",Tyrosine,g,2005,200,0.642,tsp,1.0,2.1,200,Spices and Herbs
"Spices, caraway seed",Tryptophan,g,2005,200,0.244,tsp,1.0,2.1,200,Spices and Herbs
"Spices, caraway seed",Total lipid (fat),g,2005,200,14.59,tsp,1.0,2.1,200,Spices and Herbs
"Spices, caraway seed",Total Water,g,2005,200,9.87,tsp,1.0,2.1,200,Spices and Herbs
"Spices, caraway seed",Total Fiber,g,2005,200,38.0,tsp,1.0,2.1,200,Spices and Herbs
"Spices, caraway seed",Threonine,g,2005,200,0.756,tsp,1.0,2.1,200,Spices and Herbs
"Spices, caraway seed",Thiamin,mg,2005,200,0.383,tsp,1.0,2.1,200,Spices and Herbs
"Spices, caraway seed",Theobromine,mg,2005,200,0.0,tsp,1.0,2.1,200,Spices and Herbs
"Spices, caraway seed",Sodium,mg,2005,200,17.0,tsp,1.0,2.1,200,Spices and Herbs
"Spices, caraway seed",Glutamic acid,g,2005,200,3.169,tsp,1.0,2.1,200,Spices and Herbs
"Spices, caraway seed",Niacin,mg,2005,200,3.606,tsp,1.0,2.1,200,Spices and Herbs
"Spices, caraway seed","Folate, food",µg,2005,200,10.0,tsp,1.0,2.1,200,Spices and Herbs
"Spices, caraway seed",22:6 n-3 (DHA),g,2005,200,0.0,tsp,1.0,2.1,200,Spices and Herbs
"Spices, caraway seed",22:5 n-3 (DPA),g,2005,200,0.0,tsp,1.0,2.1,200,Spices and Herbs
"Spices, caraway seed",22:1 undifferentiated,g,2005,200,0.0,tsp,1.0,2.1,200,Spices and Herbs
"Spices, caraway seed",20:5 n-3 (EPA),g,2005,200,0.0,tsp,1.0,2.1,200,Spices and Herbs
"Spices, caraway seed",20:4 undifferentiated,g,2005,200,0.0,tsp,1.0,2.1,200,Spices and Herbs
"Spices, caraway seed",20:01,g,2005,200,0.0,tsp,1.0,2.1,200,Spices and Herbs
"Spices, caraway seed",18:3 undifferentiated,g,2005,200,0.15,tsp,1.0,2.1,200,Spices and Herbs
"Spices, caraway seed",18:1 undifferentiated,g,2005,200,7.035,tsp,1.0,2.1,200,Spices and Herbs
"Spices, caraway seed",Alanine,g,2005,200,0.914,tsp,1.0,2.1,200,Spices and Herbs
"Spices, caraway seed",18:04,g,2005,200,0.0,tsp,1.0,2.1,200,Spices and Herbs
"Spices, caraway seed",16:1 undifferentiated,g,2005,200,0.09,tsp,1.0,2.1,200,Spices and Herbs
"Spices, caraway seed",16:00,g,2005,200,0.4,tsp,1.0,2.1,200,Spices and Herbs
"Spices, caraway seed",14:00,g,2005,200,0.04,tsp,1.0,2.1,200,Spices and Herbs
"Spices, caraway seed",12:00,g,2005,200,0.01,tsp,1.0,2.1,200,Spices and Herbs
"Spices, caraway seed",10:00,g,2005,200,0.01,tsp,1.0,2.1,200,Spices and Herbs
"Spices, caraway seed",08:00,g,2005,200,0.0,tsp,1.0,2.1,200,Spices and Herbs
"Spices, caraway seed",06:00,g,2005,200,0.0,tsp,1.0,2.1,200,Spices and Herbs
"Spices, caraway seed",04:00,g,2005,200,0.0,tsp,1.0,2.1,200,Spices and Herbs
"Spices, caraway seed",18:00,g,2005,200,0.11,tsp,1.0,2.1,200,Spices and Herbs
"Spices, caraway seed",Alcohol,g,2005,200,0.0,tsp,1.0,2.1,200,Spices and Herbs
"Spices, caraway seed",18:2 undifferentiated,g,2005,200,3.122,tsp,1.0,2.1,200,Spices and Herbs
"Spices, caraway seed",Ash,g,2005,200,5.87,tsp,1.0,2.1,200,Spices and Herbs
"Spices, caraway seed",Arginine,g,2005,200,1.252,tsp,1.0,2.1,200,Spices and Herbs
"Spices, caraway seed",Folate,µg,2005,200,10.0,tsp,1.0,2.1,200,Spices and Herbs
"Spices, caraway seed","Fatty acids, total saturated",g,2005,200,0.62,tsp,1.0,2.1,200,Spices and Herbs
"Spices, caraway seed","Fatty acids, total polyunsaturated",g,2005,200,3.272,tsp,1.0,2.1,200,Spices and Herbs
"Spices, caraway seed","Fatty acids, total monounsaturated",g,2005,200,7.125,tsp,1.0,2.1,200,Spices and Herbs
"Spices, caraway seed",Energy,kcal,2005,200,333.0,tsp,1.0,2.1,200,Spices and Herbs
"Spices, caraway seed",Energy,kJ,2005,200,1393.0,tsp,1.0,2.1,200,Spices and Herbs
"Spices, caraway seed",Cystine,g,2005,200,0.329,tsp,1.0,2.1,200,Spices and Herbs
"Spices, caraway seed","Cryptoxanthin, beta",µg,2005,200,16.0,tsp,1.0,2.1,200,Spices and Herbs
"Spices, caraway seed",Copper,mg,2005,200,0.91,tsp,1.0,2.1,200,Spices and Herbs
"Spices, caraway seed","Folate, DFE",µg,2005,200,10.0,tsp,1.0,2.1,200,Spices and Herbs
"Spices, caraway seed",Aspartic acid,g,2005,200,2.084,tsp,1.0,2.1,200,Spices and Herbs
"Spices, caraway seed",Choline,mg,2005,200,24.7,tsp,1.0,2.1,200,Spices and Herbs
"Spices, caraway seed",Cholesterol,mg,2005,200,0.0,tsp,1.0,2.1,200,Spices and Herbs
"Spices, caraway seed","Carotene, beta",µg,2005,200,206.0,tsp,1.0,2.1,200,Spices and Herbs
"Spices, caraway seed","Carotene, alpha",µg,2005,200,8.0,tsp,1.0,2.1,200,Spices and Herbs
"Spices, caraway seed",Carbohydrate,g,2005,200,49.9,tsp,1.0,2.1,200,Spices and Herbs
"Spices, caraway seed",Calcium,mg,2005,200,689.0,tsp,1.0,2.1,200,Spices and Herbs
"Spices, caraway seed",Caffeine,mg,2005,200,0.0,tsp,1.0,2.1,200,Spices and Herbs
"Spices, caraway seed",Folic acid,µg,2005,200,0.0,tsp,1.0,2.1,200,Spices and Herbs
"Spices, cardamom",Retinol,µg,2006,200,0.0,"tsp, ground",1.0,2.0,200,Spices and Herbs
"Spices, cardamom",Protein,g,2006,200,10.76,"tsp, ground",1.0,2.0,200,Spices and Herbs
"Spices, cardamom",Potassium,mg,2006,200,1119.0,"tsp, ground",1.0,2.0,200,Spices and Herbs
"Spices, cardamom",Manganese,mg,2006,200,28.0,"tsp, ground",1.0,2.0,200,Spices and Herbs
"Spices, cardamom",Phosphorus,mg,2006,200,178.0,"tsp, ground",1.0,2.0,200,Spices and Herbs
"Spices, cardamom",Niacin,mg,2006,200,1.102,"tsp, ground",1.0,2.0,200,Spices and Herbs
"Spices, cardamom",Riboflavin,mg,2006,200,0.182,"tsp, ground",1.0,2.0,200,Spices and Herbs
"Spices, cardamom",Phytosterols,mg,2006,200,46.0,"tsp, ground",1.0,2.0,200,Spices and Herbs
"Spices, cardamom",Sodium,mg,2006,200,18.0,"tsp, ground",1.0,2.0,200,Spices and Herbs
"Spices, cardamom",Vitamin A,µg,2006,200,0.0,"tsp, ground",1.0,2.0,200,Spices and Herbs
"Spices, cardamom",Total Fiber,g,2006,200,28.0,"tsp, ground",1.0,2.0,200,Spices and Herbs
"Spices, cardamom",Total Water,g,2006,200,8.28,"tsp, ground",1.0,2.0,200,Spices and Herbs
"Spices, cardamom",Total lipid (fat),g,2006,200,6.7,"tsp, ground",1.0,2.0,200,Spices and Herbs
"Spices, cardamom",Vitamin B-12,µg,2006,200,0.0,"tsp, ground",1.0,2.0,200,Spices and Herbs
"Spices, cardamom",Vitamin B-6,mg,2006,200,0.23,"tsp, ground",1.0,2.0,200,Spices and Herbs
"Spices, cardamom",Vitamin C,mg,2006,200,21.0,"tsp, ground",1.0,2.0,200,Spices and Herbs
"Spices, cardamom",Vitamin D,µg,2006,200,0.0,"tsp, ground",1.0,2.0,200,Spices and Herbs
"Spices, cardamom",Zinc,mg,2006,200,7.47,"tsp, ground",1.0,2.0,200,Spices and Herbs
"Spices, cardamom",Thiamin,mg,2006,200,0.198,"tsp, ground",1.0,2.0,200,Spices and Herbs
"Spices, cardamom",Magnesium,mg,2006,200,229.0,"tsp, ground",1.0,2.0,200,Spices and Herbs
"Spices, cardamom","Fatty acids, total monounsaturated",g,2006,200,0.87,"tsp, ground",1.0,2.0,200,Spices and Herbs
"Spices, cardamom","Fatty acids, total trans",g,2006,200,0.0,"tsp, ground",1.0,2.0,200,Spices and Herbs
"Spices, cardamom",Iron,mg,2006,200,13.97,"tsp, ground",1.0,2.0,200,Spices and Herbs
"Spices, cardamom",10:00,g,2006,200,0.0,"tsp, ground",1.0,2.0,200,Spices and Herbs
"Spices, cardamom",14:00,g,2006,200,0.03,"tsp, ground",1.0,2.0,200,Spices and Herbs
"Spices, cardamom",16:00,g,2006,200,0.57,"tsp, ground",1.0,2.0,200,Spices and Herbs
"Spices, cardamom",16:1 undifferentiated,g,2006,200,0.02,"tsp, ground",1.0,2.0,200,Spices and Herbs
"Spices, cardamom",18:00,g,2006,200,0.06,"tsp, ground",1.0,2.0,200,Spices and Herbs
"Spices, cardamom",18:1 undifferentiated,g,2006,200,0.85,"tsp, ground",1.0,2.0,200,Spices and Herbs
"Spices, cardamom",18:2 undifferentiated,g,2006,200,0.31,"tsp, ground",1.0,2.0,200,Spices and Herbs
"Spices, cardamom",18:3 undifferentiated,g,2006,200,0.12,"tsp, ground",1.0,2.0,200,Spices and Herbs
"Spices, cardamom",12:00,g,2006,200,0.0,"tsp, ground",1.0,2.0,200,Spices and Herbs
"Spices, cardamom",Calcium,mg,2006,200,383.0,"tsp, ground",1.0,2.0,200,Spices and Herbs
"Spices, cardamom",Carbohydrate,g,2006,200,68.47,"tsp, ground",1.0,2.0,200,Spices and Herbs
"Spices, cardamom",Cholesterol,mg,2006,200,0.0,"tsp, ground",1.0,2.0,200,Spices and Herbs
"Spices, cardamom",Copper,mg,2006,200,0.383,"tsp, ground",1.0,2.0,200,Spices and Herbs
"Spices, cardamom",Energy,kJ,2006,200,1303.0,"tsp, ground",1.0,2.0,200,Spices and Herbs
"Spices, cardamom",Energy,kcal,2006,200,311.0,"tsp, ground",1.0,2.0,200,Spices and Herbs
"Spices, cardamom","Fatty acids, total polyunsaturated",g,2006,200,0.43,"tsp, ground",1.0,2.0,200,Spices and Herbs
"Spices, cardamom",Ash,g,2006,200,5.78,"tsp, ground",1.0,2.0,200,Spices and Herbs
"Spices, cardamom","Fatty acids, total saturated",g,2006,200,0.68,"tsp, ground",1.0,2.0,200,Spices and Herbs
"Spices, celery seed",Sodium,mg,2007,200,160.0,tsp,1.0,2.0,200,Spices and Herbs
"Spices, celery seed",Selenium,µg,2007,200,12.1,tsp,1.0,2.0,200,Spices and Herbs
"Spices, celery seed",Riboflavin,mg,2007,200,0.29,tsp,1.0,2.0,200,Spices and Herbs
"Spices, celery seed",Retinol,µg,2007,200,0.0,tsp,1.0,2.0,200,Spices and Herbs
"Spices, celery seed",Protein,g,2007,200,18.07,tsp,1.0,2.0,200,Spices and Herbs
"Spices, celery seed",Potassium,mg,2007,200,1400.0,tsp,1.0,2.0,200,Spices and Herbs
"Spices, celery seed",Phytosterols,mg,2007,200,60.0,tsp,1.0,2.0,200,Spices and Herbs
"Spices, celery seed",Magnesium,mg,2007,200,440.0,tsp,1.0,2.0,200,Spices and Herbs
"Spices, celery seed",Niacin,mg,2007,200,3.06,tsp,1.0,2.0,200,Spices and Herbs
"Spices, celery seed",Manganese,mg,2007,200,7.567,tsp,1.0,2.0,200,Spices and Herbs
"Spices, celery seed",Lycopene,µg,2007,200,0.0,tsp,1.0,2.0,200,Spices and Herbs
"Spices, celery seed",Lutein + zeaxanthin,µg,2007,200,0.0,tsp,1.0,2.0,200,Spices and Herbs
"Spices, celery seed",Iron,mg,2007,200,44.9,tsp,1.0,2.0,200,Spices and Herbs
"Spices, celery seed","Sugars, total",g,2007,200,0.67,tsp,1.0,2.0,200,Spices and Herbs
"Spices, celery seed",Folic acid,µg,2007,200,0.0,tsp,1.0,2.0,200,Spices and Herbs
"Spices, celery seed",Phosphorus,mg,2007,200,547.0,tsp,1.0,2.0,200,Spices and Herbs
"Spices, celery seed",Theobromine,mg,2007,200,0.0,tsp,1.0,2.0,200,Spices and Herbs
"Spices, celery seed",Vitamin B-12,µg,2007,200,0.0,tsp,1.0,2.0,200,Spices and Herbs
"Spices, celery seed","Tocopherol, beta",mg,2007,200,0.0,tsp,1.0,2.0,200,Spices and Herbs
"Spices, celery seed","Folate, food",µg,2007,200,10.0,tsp,1.0,2.0,200,Spices and Herbs
"Spices, celery seed",Vitamin K,µg,2007,200,0.0,tsp,1.0,2.0,200,Spices and Herbs
"Spices, celery seed","Vitamin E, added",mg,2007,200,0.0,tsp,1.0,2.0,200,Spices and Herbs
"Spices, celery seed",Vitamin E,mg,2007,200,1.07,tsp,1.0,2.0,200,Spices and Herbs
"Spices, celery seed",Vitamin D,µg,2007,200,0.0,tsp,1.0,2.0,200,Spices and Herbs
"Spices, celery seed",Vitamin C,mg,2007,200,17.1,tsp,1.0,2.0,200,Spices and Herbs
"Spices, celery seed",Vitamin B-6,mg,2007,200,0.89,tsp,1.0,2.0,200,Spices and Herbs
"Spices, celery seed","Vitamin B-12, added",µg,2007,200,0.0,tsp,1.0,2.0,200,Spices and Herbs
"Spices, celery seed",Zinc,mg,2007,200,6.93,tsp,1.0,2.0,200,Spices and Herbs
"Spices, celery seed",Vitamin A,µg,2007,200,3.0,tsp,1.0,2.0,200,Spices and Herbs
"Spices, celery seed",Total lipid (fat),g,2007,200,25.27,tsp,1.0,2.0,200,Spices and Herbs
"Spices, celery seed",Total Water,g,2007,200,6.04,tsp,1.0,2.0,200,Spices and Herbs
"Spices, celery seed",Total Fiber,g,2007,200,11.8,tsp,1.0,2.0,200,Spices and Herbs
"Spices, celery seed","Tocopherol, gamma",mg,2007,200,0.0,tsp,1.0,2.0,200,Spices and Herbs
"Spices, celery seed","Tocopherol, delta",mg,2007,200,0.0,tsp,1.0,2.0,200,Spices and Herbs
"Spices, celery seed",Thiamin,mg,2007,200,0.34,tsp,1.0,2.0,200,Spices and Herbs
"Spices, celery seed","Folate, DFE",µg,2007,200,10.0,tsp,1.0,2.0,200,Spices and Herbs
"Spices, celery seed",18:00,g,2007,200,0.39,tsp,1.0,2.0,200,Spices and Herbs
"Spices, celery seed","Fatty acids, total saturated",g,2007,200,2.19,tsp,1.0,2.0,200,Spices and Herbs
"Spices, celery seed",20:4 undifferentiated,g,2007,200,0.0,tsp,1.0,2.0,200,Spices and Herbs
"Spices, celery seed",20:01,g,2007,200,0.24,tsp,1.0,2.0,200,Spices and Herbs
"Spices, celery seed",18:3 undifferentiated,g,2007,200,0.2,tsp,1.0,2.0,200,Spices and Herbs
"Spices, celery seed",18:2 undifferentiated,g,2007,200,3.52,tsp,1.0,2.0,200,Spices and Herbs
"Spices, celery seed",18:1 undifferentiated,g,2007,200,15.45,tsp,1.0,2.0,200,Spices and Herbs
"Spices, celery seed",18:04,g,2007,200,0.0,tsp,1.0,2.0,200,Spices and Herbs
"Spices, celery seed",20:5 n-3 (EPA),g,2007,200,0.0,tsp,1.0,2.0,200,Spices and Herbs
"Spices, celery seed",16:1 undifferentiated,g,2007,200,0.24,tsp,1.0,2.0,200,Spices and Herbs
"Spices, celery seed",14:00,g,2007,200,0.02,tsp,1.0,2.0,200,Spices and Herbs
"Spices, celery seed",12:00,g,2007,200,0.02,tsp,1.0,2.0,200,Spices and Herbs
"Spices, celery seed",10:00,g,2007,200,0.02,tsp,1.0,2.0,200,Spices and Herbs
"Spices, celery seed",Folate,µg,2007,200,10.0,tsp,1.0,2.0,200,Spices and Herbs
"Spices, celery seed",06:00,g,2007,200,0.0,tsp,1.0,2.0,200,Spices and Herbs
"Spices, celery seed",04:00,g,2007,200,0.0,tsp,1.0,2.0,200,Spices and Herbs
"Spices, celery seed",16:00,g,2007,200,1.29,tsp,1.0,2.0,200,Spices and Herbs
"Spices, celery seed",22:1 undifferentiated,g,2007,200,0.0,tsp,1.0,2.0,200,Spices and Herbs
"Spices, celery seed",08:00,g,2007,200,0.0,tsp,1.0,2.0,200,Spices and Herbs
"Spices, celery seed",22:6 n-3 (DHA),g,2007,200,0.0,tsp,1.0,2.0,200,Spices and Herbs
"Spices, celery seed",22:5 n-3 (DPA),g,2007,200,0.0,tsp,1.0,2.0,200,Spices and Herbs
"Spices, celery seed","Fatty acids, total polyunsaturated",g,2007,200,3.72,tsp,1.0,2.0,200,Spices and Herbs
"Spices, celery seed",Energy,kcal,2007,200,392.0,tsp,1.0,2.0,200,Spices and Herbs
"Spices, celery seed",Energy,kJ,2007,200,1641.0,tsp,1.0,2.0,200,Spices and Herbs
"Spices, celery seed","Cryptoxanthin, beta",µg,2007,200,0.0,tsp,1.0,2.0,200,Spices and Herbs
"Spices, celery seed",Copper,mg,2007,200,1.37,tsp,1.0,2.0,200,Spices and Herbs
"Spices, celery seed",Choline,mg,2007,200,24.7,tsp,1.0,2.0,200,Spices and Herbs
"Spices, celery seed","Fatty acids, total monounsaturated",g,2007,200,15.93,tsp,1.0,2.0,200,Spices and Herbs
"Spices, celery seed","Carotene, beta",µg,2007,200,31.0,tsp,1.0,2.0,200,Spices and Herbs
"Spices, celery seed","Carotene, alpha",µg,2007,200,0.0,tsp,1.0,2.0,200,Spices and Herbs
"Spices, celery seed",Carbohydrate,g,2007,200,41.35,tsp,1.0,2.0,200,Spices and Herbs
"Spices, celery seed",Calcium,mg,2007,200,1767.0,tsp,1.0,2.0,200,Spices and Herbs
"Spices, celery seed",Caffeine,mg,2007,200,0.0,tsp,1.0,2.0,200,Spices and Herbs
"Spices, celery seed",Ash,g,2007,200,9.27,tsp,1.0,2.0,200,Spices and Herbs
"Spices, celery seed",Cholesterol,mg,2007,200,0.0,tsp,1.0,2.0,200,Spices and Herbs
"Spices, celery seed",Alcohol,g,2007,200,0.0,tsp,1.0,2.0,200,Spices and Herbs
"Spices, chervil, dried",Phosphorus,mg,2008,200,450.0,tsp,1.0,0.6,200,Spices and Herbs
"Spices, chervil, dried",Niacin,mg,2008,200,5.4,tsp,1.0,0.6,200,Spices and Herbs
"Spices, chervil, dried",Manganese,mg,2008,200,2.1,tsp,1.0,0.6,200,Spices and Herbs
"Spices, chervil, dried",Magnesium,mg,2008,200,130.0,tsp,1.0,0.6,200,Spices and Herbs
"Spices, chervil, dried",Iron,mg,2008,200,31.95,tsp,1.0,0.6,200,Spices and Herbs
"Spices, chervil, dried",Zinc,mg,2008,200,8.8,tsp,1.0,0.6,200,Spices and Herbs
"Spices, chervil, dried","Folate, food",µg,2008,200,274.0,tsp,1.0,0.6,200,Spices and Herbs
"Spices, chervil, dried","Folate, DFE",µg,2008,200,274.0,tsp,1.0,0.6,200,Spices and Herbs
"Spices, chervil, dried",Folate,µg,2008,200,274.0,tsp,1.0,0.6,200,Spices and Herbs
"Spices, chervil, dried","Fatty acids, total trans",g,2008,200,0.0,tsp,1.0,0.6,200,Spices and Herbs
"Spices, chervil, dried",Potassium,mg,2008,200,4740.0,tsp,1.0,0.6,200,Spices and Herbs
"Spices, chervil, dried",Folic acid,µg,2008,200,0.0,tsp,1.0,0.6,200,Spices and Herbs
"Spices, chervil, dried",Protein,g,2008,200,23.2,tsp,1.0,0.6,200,Spices and Herbs
"Spices, chervil, dried",Total lipid (fat),g,2008,200,3.9,tsp,1.0,0.6,200,Spices and Herbs
"Spices, chervil, dried",Riboflavin,mg,2008,200,0.68,tsp,1.0,0.6,200,Spices and Herbs
"Spices, chervil, dried",Selenium,µg,2008,200,29.3,tsp,1.0,0.6,200,Spices and Herbs
"Spices, chervil, dried",Sodium,mg,2008,200,83.0,tsp,1.0,0.6,200,Spices and Herbs
"Spices, chervil, dried",Theobromine,mg,2008,200,0.0,tsp,1.0,0.6,200,Spices and Herbs
"Spices, chervil, dried",Thiamin,mg,2008,200,0.38,tsp,1.0,0.6,200,Spices and Herbs
"Spices, chervil, dried",Total Fiber,g,2008,200,11.3,tsp,1.0,0.6,200,Spices and Herbs
"Spices, chervil, dried",Total Water,g,2008,200,7.2,tsp,1.0,0.6,200,Spices and Herbs
"Spices, chervil, dried",Vitamin A,µg,2008,200,293.0,tsp,1.0,0.6,200,Spices and Herbs
"Spices, chervil, dried",Vitamin B-12,µg,2008,200,0.0,tsp,1.0,0.6,200,Spices and Herbs
"Spices, chervil, dried",Vitamin B-6,mg,2008,200,0.93,tsp,1.0,0.6,200,Spices and Herbs
"Spices, chervil, dried",Vitamin C,mg,2008,200,50.0,tsp,1.0,0.6,200,Spices and Herbs
"Spices, chervil, dried",Vitamin D,µg,2008,200,0.0,tsp,1.0,0.6,200,Spices and Herbs
"Spices, chervil, dried","Fatty acids, total saturated",g,2008,200,0.169,tsp,1.0,0.6,200,Spices and Herbs
"Spices, chervil, dried",Retinol,µg,2008,200,0.0,tsp,1.0,0.6,200,Spices and Herbs
"Spices, chervil, dried","Fatty acids, total polyunsaturated",g,2008,200,1.8,tsp,1.0,0.6,200,Spices and Herbs
"Spices, chervil, dried",Carbohydrate,g,2008,200,49.1,tsp,1.0,0.6,200,Spices and Herbs
"Spices, chervil, dried",Energy,kcal,2008,200,237.0,tsp,1.0,0.6,200,Spices and Herbs
"Spices, chervil, dried","Fatty acids, total monounsaturated",g,2008,200,1.399,tsp,1.0,0.6,200,Spices and Herbs
"Spices, chervil, dried",04:00,g,2008,200,0.0,tsp,1.0,0.6,200,Spices and Herbs
"Spices, chervil, dried",06:00,g,2008,200,0.0,tsp,1.0,0.6,200,Spices and Herbs
"Spices, chervil, dried",08:00,g,2008,200,0.0,tsp,1.0,0.6,200,Spices and Herbs
"Spices, chervil, dried",10:00,g,2008,200,0.0,tsp,1.0,0.6,200,Spices and Herbs
"Spices, chervil, dried",12:00,g,2008,200,0.0,tsp,1.0,0.6,200,Spices and Herbs
"Spices, chervil, dried",14:00,g,2008,200,0.0,tsp,1.0,0.6,200,Spices and Herbs
"Spices, chervil, dried",16:1 undifferentiated,g,2008,200,0.0,tsp,1.0,0.6,200,Spices and Herbs
"Spices, chervil, dried",18:00,g,2008,200,0.0,tsp,1.0,0.6,200,Spices and Herbs
"Spices, chervil, dried",18:04,g,2008,200,0.0,tsp,1.0,0.6,200,Spices and Herbs
"Spices, chervil, dried",18:1 undifferentiated,g,2008,200,1.399,tsp,1.0,0.6,200,Spices and Herbs
"Spices, chervil, dried",18:2 undifferentiated,g,2008,200,1.8,tsp,1.0,0.6,200,Spices and Herbs
"Spices, chervil, dried",18:3 undifferentiated,g,2008,200,0.0,tsp,1.0,0.6,200,Spices and Herbs
"Spices, chervil, dried",16:00,g,2008,200,0.169,tsp,1.0,0.6,200,Spices and Herbs
"Spices, chervil, dried",20:4 undifferentiated,g,2008,200,0.0,tsp,1.0,0.6,200,Spices and Herbs
"Spices, chervil, dried",20:01,g,2008,200,0.0,tsp,1.0,0.6,200,Spices and Herbs
"Spices, chervil, dried",Copper,mg,2008,200,0.44,tsp,1.0,0.6,200,Spices and Herbs
"Spices, chervil, dried",Cholesterol,mg,2008,200,0.0,tsp,1.0,0.6,200,Spices and Herbs
"Spices, chervil, dried",Calcium,mg,2008,200,1346.0,tsp,1.0,0.6,200,Spices and Herbs
"Spices, chervil, dried",Caffeine,mg,2008,200,0.0,tsp,1.0,0.6,200,Spices and Herbs
"Spices, chervil, dried",Ash,g,2008,200,16.6,tsp,1.0,0.6,200,Spices and Herbs
"Spices, chervil, dried",Energy,kJ,2008,200,990.0,tsp,1.0,0.6,200,Spices and Herbs
"Spices, chervil, dried",22:6 n-3 (DHA),g,2008,200,0.0,tsp,1.0,0.6,200,Spices and Herbs
"Spices, chervil, dried",22:5 n-3 (DPA),g,2008,200,0.0,tsp,1.0,0.6,200,Spices and Herbs
"Spices, chervil, dried",22:1 undifferentiated,g,2008,200,0.0,tsp,1.0,0.6,200,Spices and Herbs
"Spices, chervil, dried",20:5 n-3 (EPA),g,2008,200,0.0,tsp,1.0,0.6,200,Spices and Herbs
"Spices, chervil, dried",Alcohol,g,2008,200,0.0,tsp,1.0,0.6,200,Spices and Herbs
"Spices, chili powder",Manganese,mg,2009,200,1.7,tsp,1.0,2.7,200,Spices and Herbs
"Spices, chili powder",Methionine,g,2009,200,0.13,tsp,1.0,2.7,200,Spices and Herbs
"Spices, chili powder",Niacin,mg,2009,200,11.6,tsp,1.0,2.7,200,Spices and Herbs
"Spices, chili powder",Pantothenic Acid,mg,2009,200,0.888,tsp,1.0,2.7,200,Spices and Herbs
"Spices, chili powder",Phenylalanine,g,2009,200,0.37,tsp,1.0,2.7,200,Spices and Herbs
"Spices, chili powder",Phosphorus,mg,2009,200,300.0,tsp,1.0,2.7,200,Spices and Herbs
"Spices, chili powder",Proline,g,2009,200,1.25,tsp,1.0,2.7,200,Spices and Herbs
"Spices, chili powder",Potassium,mg,2009,200,1950.0,tsp,1.0,2.7,200,Spices and Herbs
"Spices, chili powder",Protein,g,2009,200,13.46,tsp,1.0,2.7,200,Spices and Herbs
"Spices, chili powder",Retinol,µg,2009,200,0.0,tsp,1.0,2.7,200,Spices and Herbs
"Spices, chili powder",Riboflavin,mg,2009,200,0.94,tsp,1.0,2.7,200,Spices and Herbs
"Spices, chili powder",Phytosterols,mg,2009,200,83.0,tsp,1.0,2.7,200,Spices and Herbs
"Spices, chili powder",Maltose,g,2009,200,0.0,tsp,1.0,2.7,200,Spices and Herbs
"Spices, chili powder",Fructose,g,2009,200,4.29,tsp,1.0,2.7,200,Spices and Herbs
"Spices, chili powder",Lycopene,µg,2009,200,21.0,tsp,1.0,2.7,200,Spices and Herbs
"Spices, chili powder",Lutein + zeaxanthin,µg,2009,200,310.0,tsp,1.0,2.7,200,Spices and Herbs
"Spices, chili powder",Leucine,g,2009,200,0.63,tsp,1.0,2.7,200,Spices and Herbs
"Spices, chili powder",Lactose,g,2009,200,0.0,tsp,1.0,2.7,200,Spices and Herbs
"Spices, chili powder",Isoleucine,g,2009,200,0.39,tsp,1.0,2.7,200,Spices and Herbs
"Spices, chili powder",Iron,mg,2009,200,17.3,tsp,1.0,2.7,200,Spices and Herbs
"Spices, chili powder",Hydroxyproline,g,2009,200,0.0,tsp,1.0,2.7,200,Spices and Herbs
"Spices, chili powder",Histidine,g,2009,200,0.18,tsp,1.0,2.7,200,Spices and Herbs
"Spices, chili powder",Glycine,g,2009,200,0.6,tsp,1.0,2.7,200,Spices and Herbs
"Spices, chili powder",Glutamic acid,g,2009,200,1.59,tsp,1.0,2.7,200,Spices and Herbs
"Spices, chili powder",Glucose (dextrose),g,2009,200,2.14,tsp,1.0,2.7,200,Spices and Herbs
"Spices, chili powder",Galactose,g,2009,200,0.0,tsp,1.0,2.7,200,Spices and Herbs
"Spices, chili powder",Selenium,µg,2009,200,20.4,tsp,1.0,2.7,200,Spices and Herbs
"Spices, chili powder",Lysine,g,2009,200,0.36,tsp,1.0,2.7,200,Spices and Herbs
"Spices, chili powder",Serine,g,2009,200,0.23,tsp,1.0,2.7,200,Spices and Herbs
"Spices, chili powder",Total Fiber,g,2009,200,34.8,tsp,1.0,2.7,200,Spices and Herbs
"Spices, chili powder",Sucrose,g,2009,200,0.76,tsp,1.0,2.7,200,Spices and Herbs
"Spices, chili powder",Zinc,mg,2009,200,4.3,tsp,1.0,2.7,200,Spices and Herbs
"Spices, chili powder",Vitamin K,µg,2009,200,105.7,tsp,1.0,2.7,200,Spices and Herbs
"Spices, chili powder","Vitamin E, added",mg,2009,200,0.0,tsp,1.0,2.7,200,Spices and Herbs
"Spices, chili powder",Vitamin E,mg,2009,200,38.14,tsp,1.0,2.7,200,Spices and Herbs
"Spices, chili powder",Vitamin D,µg,2009,200,0.0,tsp,1.0,2.7,200,Spices and Herbs
"Spices, chili powder",Vitamin C,mg,2009,200,0.7,tsp,1.0,2.7,200,Spices and Herbs
"Spices, chili powder",Vitamin B-6,mg,2009,200,2.094,tsp,1.0,2.7,200,Spices and Herbs
"Spices, chili powder","Vitamin B-12, added",µg,2009,200,0.0,tsp,1.0,2.7,200,Spices and Herbs
"Spices, chili powder",Vitamin B-12,µg,2009,200,0.0,tsp,1.0,2.7,200,Spices and Herbs
"Spices, chili powder",Vitamin A,µg,2009,200,1483.0,tsp,1.0,2.7,200,Spices and Herbs
"Spices, chili powder",Valine,g,2009,200,0.54,tsp,1.0,2.7,200,Spices and Herbs
"Spices, chili powder",Tyrosine,g,2009,200,0.19,tsp,1.0,2.7,200,Spices and Herbs
"Spices, chili powder",Tryptophan,g,2009,200,0.07,tsp,1.0,2.7,200,Spices and Herbs
"Spices, chili powder",Total lipid (fat),g,2009,200,14.28,tsp,1.0,2.7,200,Spices and Herbs
"Spices, chili powder",Total Water,g,2009,200,10.75,tsp,1.0,2.7,200,Spices and Herbs
"Spices, chili powder",Folic acid,µg,2009,200,0.0,tsp,1.0,2.7,200,Spices and Herbs
"Spices, chili powder","Tocotrienol, gamma",mg,2009,200,2.85,tsp,1.0,2.7,200,Spices and Herbs
"Spices, chili powder","Tocotrienol, delta",mg,2009,200,0.0,tsp,1.0,2.7,200,Spices and Herbs
"Spices, chili powder","Tocotrienol, beta",mg,2009,200,0.0,tsp,1.0,2.7,200,Spices and Herbs
"Spices, chili powder","Tocotrienol, alpha",mg,2009,200,3.1,tsp,1.0,2.7,200,Spices and Herbs
"Spices, chili powder","Tocopherol, gamma",mg,2009,200,3.41,tsp,1.0,2.7,200,Spices and Herbs
"Spices, chili powder","Tocopherol, delta",mg,2009,200,0.0,tsp,1.0,2.7,200,Spices and Herbs
"Spices, chili powder","Tocopherol, beta",mg,2009,200,0.24,tsp,1.0,2.7,200,Spices and Herbs
"Spices, chili powder",Threonine,g,2009,200,0.27,tsp,1.0,2.7,200,Spices and Herbs
"Spices, chili powder",Thiamin,mg,2009,200,0.25,tsp,1.0,2.7,200,Spices and Herbs
"Spices, chili powder",Theobromine,mg,2009,200,0.0,tsp,1.0,2.7,200,Spices and Herbs
"Spices, chili powder","Sugars, total",g,2009,200,7.19,tsp,1.0,2.7,200,Spices and Herbs
"Spices, chili powder",Sodium,mg,2009,200,2867.0,tsp,1.0,2.7,200,Spices and Herbs
"Spices, chili powder","Folate, food",µg,2009,200,28.0,tsp,1.0,2.7,200,Spices and Herbs
"Spices, chili powder",Magnesium,mg,2009,200,149.0,tsp,1.0,2.7,200,Spices and Herbs
"Spices, chili powder",Folate,µg,2009,200,28.0,tsp,1.0,2.7,200,Spices and Herbs
"Spices, chili powder",20:5 n-3 (EPA),g,2009,200,0.0,tsp,1.0,2.7,200,Spices and Herbs
"Spices, chili powder",20:4 undifferentiated,g,2009,200,0.0,tsp,1.0,2.7,200,Spices and Herbs
"Spices, chili powder",20:3 undifferentiated,g,2009,200,0.0,tsp,1.0,2.7,200,Spices and Herbs
"Spices, chili powder","20:2 n-6 c,c",g,2009,200,0.0,tsp,1.0,2.7,200,Spices and Herbs
"Spices, chili powder",20:01,g,2009,200,0.014,tsp,1.0,2.7,200,Spices and Herbs
"Spices, chili powder",20:00,g,2009,200,0.055,tsp,1.0,2.7,200,Spices and Herbs
"Spices, chili powder",18:3 undifferentiated,g,2009,200,0.533,tsp,1.0,2.7,200,Spices and Herbs
"Spices, chili powder","18:3 n-6 c,c,c",g,2009,200,0.014,tsp,1.0,2.7,200,Spices and Herbs
"Spices, chili powder",18:2 undifferentiated,g,2009,200,7.473,tsp,1.0,2.7,200,Spices and Herbs
"Spices, chili powder",18:1 undifferentiated,g,2009,200,3.116,tsp,1.0,2.7,200,Spices and Herbs
"Spices, chili powder",18:1 t,g,2009,200,0.0,tsp,1.0,2.7,200,Spices and Herbs
"Spices, chili powder",18:1 c,g,2009,200,3.116,tsp,1.0,2.7,200,Spices and Herbs
"Spices, chili powder",18:04,g,2009,200,0.0,tsp,1.0,2.7,200,Spices and Herbs
"Spices, chili powder",22:00,g,2009,200,0.055,tsp,1.0,2.7,200,Spices and Herbs
"Spices, chili powder",18:00,g,2009,200,0.396,tsp,1.0,2.7,200,Spices and Herbs
"Spices, chili powder",17:00,g,2009,200,0.014,tsp,1.0,2.7,200,Spices and Herbs
"Spices, chili powder",16:1 undifferentiated,g,2009,200,0.082,tsp,1.0,2.7,200,Spices and Herbs
"Spices, chili powder",16:00,g,2009,200,1.619,tsp,1.0,2.7,200,Spices and Herbs
"Spices, chili powder",15:01,g,2009,200,0.0,tsp,1.0,2.7,200,Spices and Herbs
"Spices, chili powder",15:00,g,2009,200,0.0,tsp,1.0,2.7,200,Spices and Herbs
"Spices, chili powder",14:01,g,2009,200,0.0,tsp,1.0,2.7,200,Spices and Herbs
"Spices, chili powder",14:00,g,2009,200,0.189,tsp,1.0,2.7,200,Spices and Herbs
"Spices, chili powder",13:00,g,2009,200,0.027,tsp,1.0,2.7,200,Spices and Herbs
"Spices, chili powder",12:00,g,2009,200,0.081,tsp,1.0,2.7,200,Spices and Herbs
"Spices, chili powder",10:00,g,2009,200,0.013,tsp,1.0,2.7,200,Spices and Herbs
"Spices, chili powder",08:00,g,2009,200,0.0,tsp,1.0,2.7,200,Spices and Herbs
"Spices, chili powder",06:00,g,2009,200,0.013,tsp,1.0,2.7,200,Spices and Herbs
"Spices, chili powder","Folate, DFE",µg,2009,200,28.0,tsp,1.0,2.7,200,Spices and Herbs
"Spices, chili powder",17:01,g,2009,200,0.0,tsp,1.0,2.7,200,Spices and Herbs
"Spices, chili powder",22:1 undifferentiated,g,2009,200,0.0,tsp,1.0,2.7,200,Spices and Herbs
"Spices, chili powder",04:00,g,2009,200,0.0,tsp,1.0,2.7,200,Spices and Herbs
"Spices, chili powder",22:6 n-3 (DHA),g,2009,200,0.0,tsp,1.0,2.7,200,Spices and Herbs
"Spices, chili powder",22:5 n-3 (DPA),g,2009,200,0.0,tsp,1.0,2.7,200,Spices and Herbs
"Spices, chili powder","Fatty acids, total trans",g,2009,200,0.0,tsp,1.0,2.7,200,Spices and Herbs
"Spices, chili powder","Fatty acids, total saturated",g,2009,200,2.462,tsp,1.0,2.7,200,Spices and Herbs
"Spices, chili powder","Fatty acids, total polyunsaturated",g,2009,200,8.006,tsp,1.0,2.7,200,Spices and Herbs
"Spices, chili powder","Fatty acids, total monounsaturated",g,2009,200,3.211,tsp,1.0,2.7,200,Spices and Herbs
"Spices, chili powder",Energy,kcal,2009,200,282.0,tsp,1.0,2.7,200,Spices and Herbs
"Spices, chili powder",Energy,kJ,2009,200,1179.0,tsp,1.0,2.7,200,Spices and Herbs
"Spices, chili powder",Dihydrophylloquinone,µg,2009,200,0.0,tsp,1.0,2.7,200,Spices and Herbs
"Spices, chili powder",Cystine,g,2009,200,0.18,tsp,1.0,2.7,200,Spices and Herbs
"Spices, chili powder","Cryptoxanthin, beta",µg,2009,200,3490.0,tsp,1.0,2.7,200,Spices and Herbs
"Spices, chili powder",Copper,mg,2009,200,1.0,tsp,1.0,2.7,200,Spices and Herbs
"Spices, chili powder",Choline,mg,2009,200,66.5,tsp,1.0,2.7,200,Spices and Herbs
"Spices, chili powder",Cholesterol,mg,2009,200,0.0,tsp,1.0,2.7,200,Spices and Herbs
"Spices, chili powder","Carotene, beta",µg,2009,200,15000.0,tsp,1.0,2.7,200,Spices and Herbs
"Spices, chili powder","Fatty acids, total trans-monoenoic",g,2009,200,0.0,tsp,1.0,2.7,200,Spices and Herbs
"Spices, chili powder",Alpha-Linolenic Acid,g,2009,200,0.519,tsp,1.0,2.7,200,Spices and Herbs
"Spices, chili powder",Carbohydrate,g,2009,200,49.7,tsp,1.0,2.7,200,Spices and Herbs
"Spices, chili powder",Calcium,mg,2009,200,330.0,tsp,1.0,2.7,200,Spices and Herbs
"Spices, chili powder",Caffeine,mg,2009,200,0.0,tsp,1.0,2.7,200,Spices and Herbs
"Spices, chili powder",Betaine,mg,2009,200,2.7,tsp,1.0,2.7,200,Spices and Herbs
"Spices, chili powder",Aspartic acid,g,2009,200,1.69,tsp,1.0,2.7,200,Spices and Herbs
"Spices, chili powder",Ash,g,2009,200,11.81,tsp,1.0,2.7,200,Spices and Herbs
"Spices, chili powder",Arginine,g,2009,200,0.49,tsp,1.0,2.7,200,Spices and Herbs
"Spices, chili powder","Carotene, alpha",µg,2009,200,2090.0,tsp,1.0,2.7,200,Spices and Herbs
"Spices, chili powder",Alcohol,g,2009,200,0.0,tsp,1.0,2.7,200,Spices and Herbs
"Spices, chili powder",Alanine,g,2009,200,0.45,tsp,1.0,2.7,200,Spices and Herbs
"Spices, chili powder",24:1 c,g,2009,200,0.0,tsp,1.0,2.7,200,Spices and Herbs
"Spices, chili powder",24:00:00,g,2009,200,0.0,tsp,1.0,2.7,200,Spices and Herbs
"Spices, cinnamon, ground",Niacin,mg,2010,200,1.332,tsp,1.0,2.6,200,Spices and Herbs
"Spices, cinnamon, ground",Fructose,g,2010,200,1.11,tsp,1.0,2.6,200,Spices and Herbs
"Spices, cinnamon, ground",Manganese,mg,2010,200,17.466,tsp,1.0,2.6,200,Spices and Herbs
"Spices, cinnamon, ground",Methionine,g,2010,200,0.078,tsp,1.0,2.6,200,Spices and Herbs
"Spices, cinnamon, ground",Pantothenic Acid,mg,2010,200,0.358,tsp,1.0,2.6,200,Spices and Herbs
"Spices, cinnamon, ground",Retinol,µg,2010,200,0.0,tsp,1.0,2.6,200,Spices and Herbs
"Spices, cinnamon, ground",Phosphorus,mg,2010,200,64.0,tsp,1.0,2.6,200,Spices and Herbs
"Spices, cinnamon, ground",Phytosterols,mg,2010,200,26.0,tsp,1.0,2.6,200,Spices and Herbs
"Spices, cinnamon, ground",Potassium,mg,2010,200,431.0,tsp,1.0,2.6,200,Spices and Herbs
"Spices, cinnamon, ground",Proline,g,2010,200,0.419,tsp,1.0,2.6,200,Spices and Herbs
"Spices, cinnamon, ground",Protein,g,2010,200,3.99,tsp,1.0,2.6,200,Spices and Herbs
"Spices, cinnamon, ground",Phenylalanine,g,2010,200,0.146,tsp,1.0,2.6,200,Spices and Herbs
"Spices, cinnamon, ground",Maltose,g,2010,200,0.0,tsp,1.0,2.6,200,Spices and Herbs
"Spices, cinnamon, ground",Isoleucine,g,2010,200,0.146,tsp,1.0,2.6,200,Spices and Herbs
"Spices, cinnamon, ground",Lysine,g,2010,200,0.243,tsp,1.0,2.6,200,Spices and Herbs
"Spices, cinnamon, ground",Lycopene,µg,2010,200,15.0,tsp,1.0,2.6,200,Spices and Herbs
"Spices, cinnamon, ground",Lutein + zeaxanthin,µg,2010,200,222.0,tsp,1.0,2.6,200,Spices and Herbs
"Spices, cinnamon, ground",Leucine,g,2010,200,0.253,tsp,1.0,2.6,200,Spices and Herbs
"Spices, cinnamon, ground",Lactose,g,2010,200,0.0,tsp,1.0,2.6,200,Spices and Herbs
"Spices, cinnamon, ground",Iron,mg,2010,200,8.32,tsp,1.0,2.6,200,Spices and Herbs
"Spices, cinnamon, ground",Hydroxyproline,g,2010,200,0.0,tsp,1.0,2.6,200,Spices and Herbs
"Spices, cinnamon, ground",Histidine,g,2010,200,0.117,tsp,1.0,2.6,200,Spices and Herbs
"Spices, cinnamon, ground",Glycine,g,2010,200,0.195,tsp,1.0,2.6,200,Spices and Herbs
"Spices, cinnamon, ground",Glutamic acid,g,2010,200,0.37,tsp,1.0,2.6,200,Spices and Herbs
"Spices, cinnamon, ground",Glucose (dextrose),g,2010,200,1.04,tsp,1.0,2.6,200,Spices and Herbs
"Spices, cinnamon, ground",Galactose,g,2010,200,0.0,tsp,1.0,2.6,200,Spices and Herbs
"Spices, cinnamon, ground",Riboflavin,mg,2010,200,0.041,tsp,1.0,2.6,200,Spices and Herbs
"Spices, cinnamon, ground",Magnesium,mg,2010,200,60.0,tsp,1.0,2.6,200,Spices and Herbs
"Spices, cinnamon, ground",Selenium,µg,2010,200,3.1,tsp,1.0,2.6,200,Spices and Herbs
"Spices, cinnamon, ground","Tocotrienol, gamma",mg,2010,200,0.0,tsp,1.0,2.6,200,Spices and Herbs
"Spices, cinnamon, ground",Sodium,mg,2010,200,10.0,tsp,1.0,2.6,200,Spices and Herbs
"Spices, cinnamon, ground",Folic acid,µg,2010,200,0.0,tsp,1.0,2.6,200,Spices and Herbs
"Spices, cinnamon, ground",Vitamin K,µg,2010,200,31.2,tsp,1.0,2.6,200,Spices and Herbs
"Spices, cinnamon, ground","Vitamin E, added",mg,2010,200,0.0,tsp,1.0,2.6,200,Spices and Herbs
"Spices, cinnamon, ground",Vitamin E,mg,2010,200,2.32,tsp,1.0,2.6,200,Spices and Herbs
"Spices, cinnamon, ground",Vitamin D,µg,2010,200,0.0,tsp,1.0,2.6,200,Spices and Herbs
"Spices, cinnamon, ground",Vitamin C,mg,2010,200,3.8,tsp,1.0,2.6,200,Spices and Herbs
"Spices, cinnamon, ground",Vitamin B-6,mg,2010,200,0.158,tsp,1.0,2.6,200,Spices and Herbs
"Spices, cinnamon, ground","Vitamin B-12, added",µg,2010,200,0.0,tsp,1.0,2.6,200,Spices and Herbs
"Spices, cinnamon, ground",Vitamin B-12,µg,2010,200,0.0,tsp,1.0,2.6,200,Spices and Herbs
"Spices, cinnamon, ground",Vitamin A,µg,2010,200,15.0,tsp,1.0,2.6,200,Spices and Herbs
"Spices, cinnamon, ground",Valine,g,2010,200,0.224,tsp,1.0,2.6,200,Spices and Herbs
"Spices, cinnamon, ground",Tyrosine,g,2010,200,0.136,tsp,1.0,2.6,200,Spices and Herbs
"Spices, cinnamon, ground",Tryptophan,g,2010,200,0.049,tsp,1.0,2.6,200,Spices and Herbs
"Spices, cinnamon, ground",Serine,g,2010,200,0.195,tsp,1.0,2.6,200,Spices and Herbs
"Spices, cinnamon, ground",Total lipid (fat),g,2010,200,1.24,tsp,1.0,2.6,200,Spices and Herbs
"Spices, cinnamon, ground",Total Fiber,g,2010,200,53.1,tsp,1.0,2.6,200,Spices and Herbs
"Spices, cinnamon, ground",Zinc,mg,2010,200,1.83,tsp,1.0,2.6,200,Spices and Herbs
"Spices, cinnamon, ground","Tocotrienol, delta",mg,2010,200,0.0,tsp,1.0,2.6,200,Spices and Herbs
"Spices, cinnamon, ground","Tocotrienol, beta",mg,2010,200,0.0,tsp,1.0,2.6,200,Spices and Herbs
"Spices, cinnamon, ground","Tocotrienol, alpha",mg,2010,200,0.0,tsp,1.0,2.6,200,Spices and Herbs
"Spices, cinnamon, ground","Tocopherol, gamma",mg,2010,200,10.44,tsp,1.0,2.6,200,Spices and Herbs
"Spices, cinnamon, ground","Tocopherol, delta",mg,2010,200,0.26,tsp,1.0,2.6,200,Spices and Herbs
"Spices, cinnamon, ground","Tocopherol, beta",mg,2010,200,0.0,tsp,1.0,2.6,200,Spices and Herbs
"Spices, cinnamon, ground",Threonine,g,2010,200,0.136,tsp,1.0,2.6,200,Spices and Herbs
"Spices, cinnamon, ground",Thiamin,mg,2010,200,0.022,tsp,1.0,2.6,200,Spices and Herbs
"Spices, cinnamon, ground",Theobromine,mg,2010,200,0.0,tsp,1.0,2.6,200,Spices and Herbs
"Spices, cinnamon, ground","Sugars, total",g,2010,200,2.17,tsp,1.0,2.6,200,Spices and Herbs
"Spices, cinnamon, ground",Sucrose,g,2010,200,0.02,tsp,1.0,2.6,200,Spices and Herbs
"Spices, cinnamon, ground",Total Water,g,2010,200,10.58,tsp,1.0,2.6,200,Spices and Herbs
"Spices, cinnamon, ground","Folate, food",µg,2010,200,6.0,tsp,1.0,2.6,200,Spices and Herbs
"Spices, cinnamon, ground",18:1 c,g,2010,200,0.246,tsp,1.0,2.6,200,Spices and Herbs
"Spices, cinnamon, ground",Folate,µg,2010,200,6.0,tsp,1.0,2.6,200,Spices and Herbs
"Spices, cinnamon, ground",20:5 n-3 (EPA),g,2010,200,0.0,tsp,1.0,2.6,200,Spices and Herbs
"Spices, cinnamon, ground",20:4 undifferentiated,g,2010,200,0.0,tsp,1.0,2.6,200,Spices and Herbs
"Spices, cinnamon, ground",20:3 undifferentiated,g,2010,200,0.0,tsp,1.0,2.6,200,Spices and Herbs
"Spices, cinnamon, ground","20:2 n-6 c,c",g,2010,200,0.0,tsp,1.0,2.6,200,Spices and Herbs
"Spices, cinnamon, ground",20:01,g,2010,200,0.0,tsp,1.0,2.6,200,Spices and Herbs
"Spices, cinnamon, ground",20:00,g,2010,200,0.0,tsp,1.0,2.6,200,Spices and Herbs
"Spices, cinnamon, ground",18:3 undifferentiated,g,2010,200,0.011,tsp,1.0,2.6,200,Spices and Herbs
"Spices, cinnamon, ground","18:3 n-6 c,c,c",g,2010,200,0.0,tsp,1.0,2.6,200,Spices and Herbs
"Spices, cinnamon, ground",18:2 undifferentiated,g,2010,200,0.044,tsp,1.0,2.6,200,Spices and Herbs
"Spices, cinnamon, ground",18:1 undifferentiated,g,2010,200,0.246,tsp,1.0,2.6,200,Spices and Herbs
"Spices, cinnamon, ground",18:1 t,g,2010,200,0.0,tsp,1.0,2.6,200,Spices and Herbs
"Spices, cinnamon, ground",18:04,g,2010,200,0.0,tsp,1.0,2.6,200,Spices and Herbs
"Spices, cinnamon, ground",17:01,g,2010,200,0.0,tsp,1.0,2.6,200,Spices and Herbs
"Spices, cinnamon, ground",17:00,g,2010,200,0.136,tsp,1.0,2.6,200,Spices and Herbs
"Spices, cinnamon, ground",16:1 undifferentiated,g,2010,200,0.001,tsp,1.0,2.6,200,Spices and Herbs
"Spices, cinnamon, ground",16:00,g,2010,200,0.104,tsp,1.0,2.6,200,Spices and Herbs
"Spices, cinnamon, ground",15:01,g,2010,200,0.0,tsp,1.0,2.6,200,Spices and Herbs
"Spices, cinnamon, ground",15:00,g,2010,200,0.0,tsp,1.0,2.6,200,Spices and Herbs
"Spices, cinnamon, ground",14:01,g,2010,200,0.0,tsp,1.0,2.6,200,Spices and Herbs
"Spices, cinnamon, ground",14:00,g,2010,200,0.009,tsp,1.0,2.6,200,Spices and Herbs
"Spices, cinnamon, ground",13:00,g,2010,200,0.0,tsp,1.0,2.6,200,Spices and Herbs
"Spices, cinnamon, ground",12:00,g,2010,200,0.006,tsp,1.0,2.6,200,Spices and Herbs
"Spices, cinnamon, ground",10:00,g,2010,200,0.003,tsp,1.0,2.6,200,Spices and Herbs
"Spices, cinnamon, ground",08:00,g,2010,200,0.0,tsp,1.0,2.6,200,Spices and Herbs
"Spices, cinnamon, ground",06:00,g,2010,200,0.0,tsp,1.0,2.6,200,Spices and Herbs
"Spices, cinnamon, ground",04:00,g,2010,200,0.0,tsp,1.0,2.6,200,Spices and Herbs
"Spices, cinnamon, ground","Folate, DFE",µg,2010,200,6.0,tsp,1.0,2.6,200,Spices and Herbs
"Spices, cinnamon, ground",22:00,g,2010,200,0.0,tsp,1.0,2.6,200,Spices and Herbs
"Spices, cinnamon, ground",22:1 undifferentiated,g,2010,200,0.0,tsp,1.0,2.6,200,Spices and Herbs
"Spices, cinnamon, ground",18:00,g,2010,200,0.082,tsp,1.0,2.6,200,Spices and Herbs
"Spices, cinnamon, ground",22:6 n-3 (DHA),g,2010,200,0.0,tsp,1.0,2.6,200,Spices and Herbs
"Spices, cinnamon, ground",22:5 n-3 (DPA),g,2010,200,0.0,tsp,1.0,2.6,200,Spices and Herbs
"Spices, cinnamon, ground","Fatty acids, total trans",g,2010,200,0.0,tsp,1.0,2.6,200,Spices and Herbs
"Spices, cinnamon, ground","Fatty acids, total saturated",g,2010,200,0.345,tsp,1.0,2.6,200,Spices and Herbs
"Spices, cinnamon, ground","Fatty acids, total polyunsaturated",g,2010,200,0.068,tsp,1.0,2.6,200,Spices and Herbs
"Spices, cinnamon, ground","Fatty acids, total monounsaturated",g,2010,200,0.246,tsp,1.0,2.6,200,Spices and Herbs
"Spices, cinnamon, ground",Energy,kcal,2010,200,247.0,tsp,1.0,2.6,200,Spices and Herbs
"Spices, cinnamon, ground",Energy,kJ,2010,200,1035.0,tsp,1.0,2.6,200,Spices and Herbs
"Spices, cinnamon, ground",Dihydrophylloquinone,µg,2010,200,0.0,tsp,1.0,2.6,200,Spices and Herbs
"Spices, cinnamon, ground",Cystine,g,2010,200,0.058,tsp,1.0,2.6,200,Spices and Herbs
"Spices, cinnamon, ground","Cryptoxanthin, beta",µg,2010,200,129.0,tsp,1.0,2.6,200,Spices and Herbs
"Spices, cinnamon, ground",Copper,mg,2010,200,0.339,tsp,1.0,2.6,200,Spices and Herbs
"Spices, cinnamon, ground",Choline,mg,2010,200,11.0,tsp,1.0,2.6,200,Spices and Herbs
"Spices, cinnamon, ground",Cholesterol,mg,2010,200,0.0,tsp,1.0,2.6,200,Spices and Herbs
"Spices, cinnamon, ground","Carotene, beta",µg,2010,200,112.0,tsp,1.0,2.6,200,Spices and Herbs
"Spices, cinnamon, ground","Fatty acids, total trans-monoenoic",g,2010,200,0.0,tsp,1.0,2.6,200,Spices and Herbs
"Spices, cinnamon, ground",24:00:00,g,2010,200,0.0,tsp,1.0,2.6,200,Spices and Herbs
"Spices, cinnamon, ground","Carotene, alpha",µg,2010,200,1.0,tsp,1.0,2.6,200,Spices and Herbs
"Spices, cinnamon, ground",24:1 c,g,2010,200,0.0,tsp,1.0,2.6,200,Spices and Herbs
"Spices, cinnamon, ground",Alanine,g,2010,200,0.166,tsp,1.0,2.6,200,Spices and Herbs
"Spices, cinnamon, ground",Alcohol,g,2010,200,0.0,tsp,1.0,2.6,200,Spices and Herbs
"Spices, cinnamon, ground",Arginine,g,2010,200,0.166,tsp,1.0,2.6,200,Spices and Herbs
"Spices, cinnamon, ground",Alpha-Linolenic Acid,g,2010,200,0.011,tsp,1.0,2.6,200,Spices and Herbs
"Spices, cinnamon, ground",Aspartic acid,g,2010,200,0.438,tsp,1.0,2.6,200,Spices and Herbs
"Spices, cinnamon, ground",Betaine,mg,2010,200,3.9,tsp,1.0,2.6,200,Spices and Herbs
"Spices, cinnamon, ground",Caffeine,mg,2010,200,0.0,tsp,1.0,2.6,200,Spices and Herbs
"Spices, cinnamon, ground",Calcium,mg,2010,200,1002.0,tsp,1.0,2.6,200,Spices and Herbs
"Spices, cinnamon, ground",Carbohydrate,g,2010,200,80.59,tsp,1.0,2.6,200,Spices and Herbs
"Spices, cinnamon, ground",Ash,g,2010,200,3.6,tsp,1.0,2.6,200,Spices and Herbs
"Spices, cloves, ground",Pantothenic Acid,mg,2011,200,0.509,tsp,1.0,2.1,200,Spices and Herbs
"Spices, cloves, ground",Manganese,mg,2011,200,60.127,tsp,1.0,2.1,200,Spices and Herbs
"Spices, cloves, ground",Methionine,g,2011,200,0.08,tsp,1.0,2.1,200,Spices and Herbs
"Spices, cloves, ground",Niacin,mg,2011,200,1.56,tsp,1.0,2.1,200,Spices and Herbs
"Spices, cloves, ground",Phenylalanine,g,2011,200,0.23,tsp,1.0,2.1,200,Spices and Herbs
"Spices, cloves, ground",Riboflavin,mg,2011,200,0.22,tsp,1.0,2.1,200,Spices and Herbs
"Spices, cloves, ground",Phytosterols,mg,2011,200,256.0,tsp,1.0,2.1,200,Spices and Herbs
"Spices, cloves, ground",Potassium,mg,2011,200,1020.0,tsp,1.0,2.1,200,Spices and Herbs
"Spices, cloves, ground",Proline,g,2011,200,0.39,tsp,1.0,2.1,200,Spices and Herbs
"Spices, cloves, ground",Protein,g,2011,200,5.97,tsp,1.0,2.1,200,Spices and Herbs
"Spices, cloves, ground",Maltose,g,2011,200,0.0,tsp,1.0,2.1,200,Spices and Herbs
"Spices, cloves, ground",Retinol,µg,2011,200,0.0,tsp,1.0,2.1,200,Spices and Herbs
"Spices, cloves, ground",Phosphorus,mg,2011,200,104.0,tsp,1.0,2.1,200,Spices and Herbs
"Spices, cloves, ground",Magnesium,mg,2011,200,259.0,tsp,1.0,2.1,200,Spices and Herbs
"Spices, cloves, ground",Iron,mg,2011,200,11.83,tsp,1.0,2.1,200,Spices and Herbs
"Spices, cloves, ground",Lycopene,µg,2011,200,0.0,tsp,1.0,2.1,200,Spices and Herbs
"Spices, cloves, ground",Lutein + zeaxanthin,µg,2011,200,0.0,tsp,1.0,2.1,200,Spices and Herbs
"Spices, cloves, ground",Leucine,g,2011,200,0.4,tsp,1.0,2.1,200,Spices and Herbs
"Spices, cloves, ground",Lactose,g,2011,200,0.0,tsp,1.0,2.1,200,Spices and Herbs
"Spices, cloves, ground",Isoleucine,g,2011,200,0.24,tsp,1.0,2.1,200,Spices and Herbs
"Spices, cloves, ground",Hydroxyproline,g,2011,200,0.0,tsp,1.0,2.1,200,Spices and Herbs
"Spices, cloves, ground",Histidine,g,2011,200,0.13,tsp,1.0,2.1,200,Spices and Herbs
"Spices, cloves, ground",Glycine,g,2011,200,0.28,tsp,1.0,2.1,200,Spices and Herbs
"Spices, cloves, ground",Glutamic acid,g,2011,200,0.56,tsp,1.0,2.1,200,Spices and Herbs
"Spices, cloves, ground",Glucose (dextrose),g,2011,200,1.14,tsp,1.0,2.1,200,Spices and Herbs
"Spices, cloves, ground",Galactose,g,2011,200,0.15,tsp,1.0,2.1,200,Spices and Herbs
"Spices, cloves, ground",Fructose,g,2011,200,1.07,tsp,1.0,2.1,200,Spices and Herbs
"Spices, cloves, ground",Folic acid,µg,2011,200,0.0,tsp,1.0,2.1,200,Spices and Herbs
"Spices, cloves, ground",Lysine,g,2011,200,0.37,tsp,1.0,2.1,200,Spices and Herbs
"Spices, cloves, ground",Selenium,µg,2011,200,7.2,tsp,1.0,2.1,200,Spices and Herbs
"Spices, cloves, ground",Zinc,mg,2011,200,2.32,tsp,1.0,2.1,200,Spices and Herbs
"Spices, cloves, ground",Sodium,mg,2011,200,277.0,tsp,1.0,2.1,200,Spices and Herbs
"Spices, cloves, ground","Folate, food",µg,2011,200,25.0,tsp,1.0,2.1,200,Spices and Herbs
"Spices, cloves, ground",Vitamin K,µg,2011,200,141.8,tsp,1.0,2.1,200,Spices and Herbs
"Spices, cloves, ground","Vitamin E, added",mg,2011,200,0.0,tsp,1.0,2.1,200,Spices and Herbs
"Spices, cloves, ground",Vitamin E,mg,2011,200,8.82,tsp,1.0,2.1,200,Spices and Herbs
"Spices, cloves, ground",Vitamin D,µg,2011,200,0.0,tsp,1.0,2.1,200,Spices and Herbs
"Spices, cloves, ground",Vitamin C,mg,2011,200,0.2,tsp,1.0,2.1,200,Spices and Herbs
"Spices, cloves, ground",Vitamin B-6,mg,2011,200,0.391,tsp,1.0,2.1,200,Spices and Herbs
"Spices, cloves, ground","Vitamin B-12, added",µg,2011,200,0.0,tsp,1.0,2.1,200,Spices and Herbs
"Spices, cloves, ground",Vitamin B-12,µg,2011,200,0.0,tsp,1.0,2.1,200,Spices and Herbs
"Spices, cloves, ground",Vitamin A,µg,2011,200,8.0,tsp,1.0,2.1,200,Spices and Herbs
"Spices, cloves, ground",Valine,g,2011,200,0.34,tsp,1.0,2.1,200,Spices and Herbs
"Spices, cloves, ground",Tyrosine,g,2011,200,0.19,tsp,1.0,2.1,200,Spices and Herbs
"Spices, cloves, ground",Tryptophan,g,2011,200,0.03,tsp,1.0,2.1,200,Spices and Herbs
"Spices, cloves, ground",Serine,g,2011,200,0.24,tsp,1.0,2.1,200,Spices and Herbs
"Spices, cloves, ground",Total lipid (fat),g,2011,200,13.0,tsp,1.0,2.1,200,Spices and Herbs
"Spices, cloves, ground",Total Fiber,g,2011,200,33.9,tsp,1.0,2.1,200,Spices and Herbs
"Spices, cloves, ground","Tocotrienol, gamma",mg,2011,200,0.0,tsp,1.0,2.1,200,Spices and Herbs
"Spices, cloves, ground","Tocotrienol, delta",mg,2011,200,0.0,tsp,1.0,2.1,200,Spices and Herbs
"Spices, cloves, ground","Tocotrienol, beta",mg,2011,200,0.0,tsp,1.0,2.1,200,Spices and Herbs
"Spices, cloves, ground","Tocotrienol, alpha",mg,2011,200,0.0,tsp,1.0,2.1,200,Spices and Herbs
"Spices, cloves, ground","Tocopherol, gamma",mg,2011,200,0.0,tsp,1.0,2.1,200,Spices and Herbs
"Spices, cloves, ground","Tocopherol, delta",mg,2011,200,0.0,tsp,1.0,2.1,200,Spices and Herbs
"Spices, cloves, ground","Tocopherol, beta",mg,2011,200,0.0,tsp,1.0,2.1,200,Spices and Herbs
"Spices, cloves, ground",Threonine,g,2011,200,0.18,tsp,1.0,2.1,200,Spices and Herbs
"Spices, cloves, ground",Thiamin,mg,2011,200,0.158,tsp,1.0,2.1,200,Spices and Herbs
"Spices, cloves, ground",Theobromine,mg,2011,200,0.0,tsp,1.0,2.1,200,Spices and Herbs
"Spices, cloves, ground","Sugars, total",g,2011,200,2.38,tsp,1.0,2.1,200,Spices and Herbs
"Spices, cloves, ground",Sucrose,g,2011,200,0.02,tsp,1.0,2.1,200,Spices and Herbs
"Spices, cloves, ground",Total Water,g,2011,200,9.87,tsp,1.0,2.1,200,Spices and Herbs
"Spices, cloves, ground","Folate, DFE",µg,2011,200,25.0,tsp,1.0,2.1,200,Spices and Herbs
"Spices, cloves, ground",18:2 CLAs,g,2011,200,0.058,tsp,1.0,2.1,200,Spices and Herbs
"Spices, cloves, ground","Fatty acids, total trans-polyenoic",g,2011,200,0.044,tsp,1.0,2.1,200,Spices and Herbs
"Spices, cloves, ground",22:00,g,2011,200,0.175,tsp,1.0,2.1,200,Spices and Herbs
"Spices, cloves, ground",20:5 n-3 (EPA),g,2011,200,0.008,tsp,1.0,2.1,200,Spices and Herbs
"Spices, cloves, ground",20:4 undifferentiated,g,2011,200,0.104,tsp,1.0,2.1,200,Spices and Herbs
"Spices, cloves, ground",20:3 undifferentiated,g,2011,200,0.008,tsp,1.0,2.1,200,Spices and Herbs
"Spices, cloves, ground",20:3 n-6,g,2011,200,0.008,tsp,1.0,2.1,200,Spices and Herbs
"Spices, cloves, ground","20:2 n-6 c,c",g,2011,200,0.017,tsp,1.0,2.1,200,Spices and Herbs
"Spices, cloves, ground",20:01,g,2011,200,0.359,tsp,1.0,2.1,200,Spices and Herbs
"Spices, cloves, ground",20:00,g,2011,200,0.193,tsp,1.0,2.1,200,Spices and Herbs
"Spices, cloves, ground",18:3 undifferentiated,g,2011,200,0.585,tsp,1.0,2.1,200,Spices and Herbs
"Spices, cloves, ground",18:2 undifferentiated,g,2011,200,2.657,tsp,1.0,2.1,200,Spices and Herbs
"Spices, cloves, ground",18:2 t not further defined,g,2011,200,0.042,tsp,1.0,2.1,200,Spices and Herbs
"Spices, cloves, ground","18:2 n-6 c,c",g,2011,200,2.557,tsp,1.0,2.1,200,Spices and Herbs
"Spices, cloves, ground",Folate,µg,2011,200,25.0,tsp,1.0,2.1,200,Spices and Herbs
"Spices, cloves, ground",22:04,g,2011,200,0.058,tsp,1.0,2.1,200,Spices and Herbs
"Spices, cloves, ground",18:1 undifferentiated,g,2011,200,0.99,tsp,1.0,2.1,200,Spices and Herbs
"Spices, cloves, ground",18:04,g,2011,200,0.0,tsp,1.0,2.1,200,Spices and Herbs
"Spices, cloves, ground",18:00,g,2011,200,0.683,tsp,1.0,2.1,200,Spices and Herbs
"Spices, cloves, ground",17:00,g,2011,200,0.044,tsp,1.0,2.1,200,Spices and Herbs
"Spices, cloves, ground",16:1 undifferentiated,g,2011,200,0.026,tsp,1.0,2.1,200,Spices and Herbs
"Spices, cloves, ground",16:1 c,g,2011,200,0.026,tsp,1.0,2.1,200,Spices and Herbs
"Spices, cloves, ground",16:00,g,2011,200,1.858,tsp,1.0,2.1,200,Spices and Herbs
"Spices, cloves, ground",15:00,g,2011,200,0.018,tsp,1.0,2.1,200,Spices and Herbs
"Spices, cloves, ground",14:00,g,2011,200,0.263,tsp,1.0,2.1,200,Spices and Herbs
"Spices, cloves, ground",12:00,g,2011,200,0.035,tsp,1.0,2.1,200,Spices and Herbs
"Spices, cloves, ground",10:00,g,2011,200,0.131,tsp,1.0,2.1,200,Spices and Herbs
"Spices, cloves, ground",08:00,g,2011,200,0.026,tsp,1.0,2.1,200,Spices and Herbs
"Spices, cloves, ground",06:00,g,2011,200,0.009,tsp,1.0,2.1,200,Spices and Herbs
"Spices, cloves, ground",04:00,g,2011,200,0.0,tsp,1.0,2.1,200,Spices and Herbs
"Spices, cloves, ground",18:1 c,g,2011,200,0.78,tsp,1.0,2.1,200,Spices and Herbs
"Spices, cloves, ground",22:1 c,g,2011,200,0.018,tsp,1.0,2.1,200,Spices and Herbs
"Spices, cloves, ground",18:1 t,g,2011,200,0.21,tsp,1.0,2.1,200,Spices and Herbs
"Spices, cloves, ground",22:5 n-3 (DPA),g,2011,200,0.184,tsp,1.0,2.1,200,Spices and Herbs
"Spices, cloves, ground",22:1 undifferentiated,g,2011,200,0.018,tsp,1.0,2.1,200,Spices and Herbs
"Spices, cloves, ground","Fatty acids, total trans-monoenoic",g,2011,200,0.21,tsp,1.0,2.1,200,Spices and Herbs
"Spices, cloves, ground","Fatty acids, total trans",g,2011,200,0.254,tsp,1.0,2.1,200,Spices and Herbs
"Spices, cloves, ground","Fatty acids, total saturated",g,2011,200,3.952,tsp,1.0,2.1,200,Spices and Herbs
"Spices, cloves, ground","Fatty acids, total polyunsaturated",g,2011,200,3.606,tsp,1.0,2.1,200,Spices and Herbs
"Spices, cloves, ground","Fatty acids, total monounsaturated",g,2011,200,1.393,tsp,1.0,2.1,200,Spices and Herbs
"Spices, cloves, ground",Energy,kcal,2011,200,274.0,tsp,1.0,2.1,200,Spices and Herbs
"Spices, cloves, ground",Energy,kJ,2011,200,1145.0,tsp,1.0,2.1,200,Spices and Herbs
"Spices, cloves, ground",Cystine,g,2011,200,0.07,tsp,1.0,2.1,200,Spices and Herbs
"Spices, cloves, ground","Cryptoxanthin, beta",µg,2011,200,103.0,tsp,1.0,2.1,200,Spices and Herbs
"Spices, cloves, ground",Copper,mg,2011,200,0.368,tsp,1.0,2.1,200,Spices and Herbs
"Spices, cloves, ground",Choline,mg,2011,200,37.4,tsp,1.0,2.1,200,Spices and Herbs
"Spices, cloves, ground",Cholesterol,mg,2011,200,0.0,tsp,1.0,2.1,200,Spices and Herbs
"Spices, cloves, ground","Carotene, beta",µg,2011,200,45.0,tsp,1.0,2.1,200,Spices and Herbs
"Spices, cloves, ground",Dihydrophylloquinone,µg,2011,200,0.0,tsp,1.0,2.1,200,Spices and Herbs
"Spices, cloves, ground","Carotene, alpha",µg,2011,200,0.0,tsp,1.0,2.1,200,Spices and Herbs
"Spices, cloves, ground",22:6 n-3 (DHA),g,2011,200,0.0,tsp,1.0,2.1,200,Spices and Herbs
"Spices, cloves, ground",24:00:00,g,2011,200,0.491,tsp,1.0,2.1,200,Spices and Herbs
"Spices, cloves, ground",24:1 c,g,2011,200,0.0,tsp,1.0,2.1,200,Spices and Herbs
"Spices, cloves, ground",Alanine,g,2011,200,0.29,tsp,1.0,2.1,200,Spices and Herbs
"Spices, cloves, ground",Alpha-Linolenic Acid,g,2011,200,0.585,tsp,1.0,2.1,200,Spices and Herbs
"Spices, cloves, ground",Arginine,g,2011,200,0.32,tsp,1.0,2.1,200,Spices and Herbs
"Spices, cloves, ground",Alcohol,g,2011,200,0.0,tsp,1.0,2.1,200,Spices and Herbs
"Spices, cloves, ground",Aspartic acid,g,2011,200,0.6,tsp,1.0,2.1,200,Spices and Herbs
"Spices, cloves, ground",Betaine,mg,2011,200,1.4,tsp,1.0,2.1,200,Spices and Herbs
"Spices, cloves, ground",Caffeine,mg,2011,200,0.0,tsp,1.0,2.1,200,Spices and Herbs
"Spices, cloves, ground",Calcium,mg,2011,200,632.0,tsp,1.0,2.1,200,Spices and Herbs
"Spices, cloves, ground",Carbohydrate,g,2011,200,65.53,tsp,1.0,2.1,200,Spices and Herbs
"Spices, cloves, ground",Ash,g,2011,200,5.63,tsp,1.0,2.1,200,Spices and Herbs
"Spices, coriander leaf, dried",Riboflavin,mg,2012,200,1.5,tsp,1.0,0.6,200,Spices and Herbs
"Spices, coriander leaf, dried",Niacin,mg,2012,200,10.707,tsp,1.0,0.6,200,Spices and Herbs
"Spices, coriander leaf, dried",Retinol,µg,2012,200,0.0,tsp,1.0,0.6,200,Spices and Herbs
"Spices, coriander leaf, dried",Protein,g,2012,200,21.93,tsp,1.0,0.6,200,Spices and Herbs
"Spices, coriander leaf, dried",Potassium,mg,2012,200,4466.0,tsp,1.0,0.6,200,Spices and Herbs
"Spices, coriander leaf, dried",Phosphorus,mg,2012,200,481.0,tsp,1.0,0.6,200,Spices and Herbs
"Spices, coriander leaf, dried",Manganese,mg,2012,200,6.355,tsp,1.0,0.6,200,Spices and Herbs
"Spices, coriander leaf, dried","Folate, food",µg,2012,200,274.0,tsp,1.0,0.6,200,Spices and Herbs
"Spices, coriander leaf, dried",Lycopene,µg,2012,200,0.0,tsp,1.0,0.6,200,Spices and Herbs
"Spices, coriander leaf, dried",Lutein + zeaxanthin,µg,2012,200,2428.0,tsp,1.0,0.6,200,Spices and Herbs
"Spices, coriander leaf, dried",Iron,mg,2012,200,42.46,tsp,1.0,0.6,200,Spices and Herbs
"Spices, coriander leaf, dried",Folic acid,µg,2012,200,0.0,tsp,1.0,0.6,200,Spices and Herbs
"Spices, coriander leaf, dried","Folate, DFE",µg,2012,200,274.0,tsp,1.0,0.6,200,Spices and Herbs
"Spices, coriander leaf, dried",Selenium,µg,2012,200,29.3,tsp,1.0,0.6,200,Spices and Herbs
"Spices, coriander leaf, dried",Magnesium,mg,2012,200,694.0,tsp,1.0,0.6,200,Spices and Herbs
"Spices, coriander leaf, dried",Sodium,mg,2012,200,211.0,tsp,1.0,0.6,200,Spices and Herbs
"Spices, coriander leaf, dried",Vitamin K,µg,2012,200,1359.5,tsp,1.0,0.6,200,Spices and Herbs
"Spices, coriander leaf, dried",Theobromine,mg,2012,200,0.0,tsp,1.0,0.6,200,Spices and Herbs
"Spices, coriander leaf, dried",Folate,µg,2012,200,274.0,tsp,1.0,0.6,200,Spices and Herbs
"Spices, coriander leaf, dried",Zinc,mg,2012,200,4.72,tsp,1.0,0.6,200,Spices and Herbs
"Spices, coriander leaf, dried","Vitamin E, added",mg,2012,200,0.0,tsp,1.0,0.6,200,Spices and Herbs
"Spices, coriander leaf, dried",Vitamin E,mg,2012,200,1.03,tsp,1.0,0.6,200,Spices and Herbs
"Spices, coriander leaf, dried",Vitamin D,µg,2012,200,0.0,tsp,1.0,0.6,200,Spices and Herbs
"Spices, coriander leaf, dried",Vitamin C,mg,2012,200,566.7,tsp,1.0,0.6,200,Spices and Herbs
"Spices, coriander leaf, dried","Sugars, total",g,2012,200,7.27,tsp,1.0,0.6,200,Spices and Herbs
"Spices, coriander leaf, dried",Vitamin B-6,mg,2012,200,0.61,tsp,1.0,0.6,200,Spices and Herbs
"Spices, coriander leaf, dried",Vitamin B-12,µg,2012,200,0.0,tsp,1.0,0.6,200,Spices and Herbs
"Spices, coriander leaf, dried",Vitamin A,µg,2012,200,293.0,tsp,1.0,0.6,200,Spices and Herbs
"Spices, coriander leaf, dried",Total lipid (fat),g,2012,200,4.78,tsp,1.0,0.6,200,Spices and Herbs
"Spices, coriander leaf, dried",Total Water,g,2012,200,7.3,tsp,1.0,0.6,200,Spices and Herbs
"Spices, coriander leaf, dried",Total Fiber,g,2012,200,10.4,tsp,1.0,0.6,200,Spices and Herbs
"Spices, coriander leaf, dried",Thiamin,mg,2012,200,1.252,tsp,1.0,0.6,200,Spices and Herbs
"Spices, coriander leaf, dried","Vitamin B-12, added",µg,2012,200,0.0,tsp,1.0,0.6,200,Spices and Herbs
"Spices, coriander leaf, dried","Fatty acids, total trans",g,2012,200,0.0,tsp,1.0,0.6,200,Spices and Herbs
"Spices, coriander leaf, dried",20:01,g,2012,200,0.0,tsp,1.0,0.6,200,Spices and Herbs
"Spices, coriander leaf, dried","Fatty acids, total polyunsaturated",g,2012,200,0.328,tsp,1.0,0.6,200,Spices and Herbs
"Spices, coriander leaf, dried",20:4 undifferentiated,g,2012,200,0.0,tsp,1.0,0.6,200,Spices and Herbs
"Spices, coriander leaf, dried",18:3 undifferentiated,g,2012,200,0.0,tsp,1.0,0.6,200,Spices and Herbs
"Spices, coriander leaf, dried",18:2 undifferentiated,g,2012,200,0.328,tsp,1.0,0.6,200,Spices and Herbs
"Spices, coriander leaf, dried",18:1 undifferentiated,g,2012,200,2.216,tsp,1.0,0.6,200,Spices and Herbs
"Spices, coriander leaf, dried",18:04,g,2012,200,0.0,tsp,1.0,0.6,200,Spices and Herbs
"Spices, coriander leaf, dried",18:00,g,2012,200,0.005,tsp,1.0,0.6,200,Spices and Herbs
"Spices, coriander leaf, dried",20:5 n-3 (EPA),g,2012,200,0.0,tsp,1.0,0.6,200,Spices and Herbs
"Spices, coriander leaf, dried","Fatty acids, total saturated",g,2012,200,0.115,tsp,1.0,0.6,200,Spices and Herbs
"Spices, coriander leaf, dried",14:00,g,2012,200,0.003,tsp,1.0,0.6,200,Spices and Herbs
"Spices, coriander leaf, dried",12:00,g,2012,200,0.0,tsp,1.0,0.6,200,Spices and Herbs
"Spices, coriander leaf, dried",10:00,g,2012,200,0.0,tsp,1.0,0.6,200,Spices and Herbs
"Spices, coriander leaf, dried",08:00,g,2012,200,0.0,tsp,1.0,0.6,200,Spices and Herbs
"Spices, coriander leaf, dried",06:00,g,2012,200,0.0,tsp,1.0,0.6,200,Spices and Herbs
"Spices, coriander leaf, dried",04:00,g,2012,200,0.0,tsp,1.0,0.6,200,Spices and Herbs
"Spices, coriander leaf, dried",16:00,g,2012,200,0.096,tsp,1.0,0.6,200,Spices and Herbs
"Spices, coriander leaf, dried",22:1 undifferentiated,g,2012,200,0.0,tsp,1.0,0.6,200,Spices and Herbs
"Spices, coriander leaf, dried",16:1 undifferentiated,g,2012,200,0.016,tsp,1.0,0.6,200,Spices and Herbs
"Spices, coriander leaf, dried",22:6 n-3 (DHA),g,2012,200,0.0,tsp,1.0,0.6,200,Spices and Herbs
"Spices, coriander leaf, dried",22:5 n-3 (DPA),g,2012,200,0.0,tsp,1.0,0.6,200,Spices and Herbs
"Spices, coriander leaf, dried","Fatty acids, total monounsaturated",g,2012,200,2.232,tsp,1.0,0.6,200,Spices and Herbs
"Spices, coriander leaf, dried",Energy,kcal,2012,200,279.0,tsp,1.0,0.6,200,Spices and Herbs
"Spices, coriander leaf, dried",Energy,kJ,2012,200,1167.0,tsp,1.0,0.6,200,Spices and Herbs
"Spices, coriander leaf, dried",Copper,mg,2012,200,1.786,tsp,1.0,0.6,200,Spices and Herbs
"Spices, coriander leaf, dried",Choline,mg,2012,200,97.1,tsp,1.0,0.6,200,Spices and Herbs
"Spices, coriander leaf, dried",Cholesterol,mg,2012,200,0.0,tsp,1.0,0.6,200,Spices and Herbs
"Spices, coriander leaf, dried","Cryptoxanthin, beta",µg,2012,200,175.0,tsp,1.0,0.6,200,Spices and Herbs
"Spices, coriander leaf, dried","Carotene, alpha",µg,2012,200,31.0,tsp,1.0,0.6,200,Spices and Herbs
"Spices, coriander leaf, dried",Carbohydrate,g,2012,200,52.1,tsp,1.0,0.6,200,Spices and Herbs
"Spices, coriander leaf, dried",Calcium,mg,2012,200,1246.0,tsp,1.0,0.6,200,Spices and Herbs
"Spices, coriander leaf, dried",Caffeine,mg,2012,200,0.0,tsp,1.0,0.6,200,Spices and Herbs
"Spices, coriander leaf, dried",Ash,g,2012,200,14.08,tsp,1.0,0.6,200,Spices and Herbs
"Spices, coriander leaf, dried",Alcohol,g,2012,200,0.0,tsp,1.0,0.6,200,Spices and Herbs
"Spices, coriander leaf, dried","Carotene, beta",µg,2012,200,3407.0,tsp,1.0,0.6,200,Spices and Herbs
"Spices, coriander seed",Selenium,µg,2013,200,26.2,tsp,1.0,1.8,200,Spices and Herbs
"Spices, coriander seed",Niacin,mg,2013,200,2.13,tsp,1.0,1.8,200,Spices and Herbs
"Spices, coriander seed",Phosphorus,mg,2013,200,409.0,tsp,1.0,1.8,200,Spices and Herbs
"Spices, coriander seed",Phytosterols,mg,2013,200,46.0,tsp,1.0,1.8,200,Spices and Herbs
"Spices, coriander seed",Potassium,mg,2013,200,1267.0,tsp,1.0,1.8,200,Spices and Herbs
"Spices, coriander seed",Protein,g,2013,200,12.37,tsp,1.0,1.8,200,Spices and Herbs
"Spices, coriander seed",Retinol,µg,2013,200,0.0,tsp,1.0,1.8,200,Spices and Herbs
"Spices, coriander seed",Riboflavin,mg,2013,200,0.29,tsp,1.0,1.8,200,Spices and Herbs
"Spices, coriander seed",Sodium,mg,2013,200,35.0,tsp,1.0,1.8,200,Spices and Herbs
"Spices, coriander seed",Vitamin D,µg,2013,200,0.0,tsp,1.0,1.8,200,Spices and Herbs
"Spices, coriander seed",Total Fiber,g,2013,200,41.9,tsp,1.0,1.8,200,Spices and Herbs
"Spices, coriander seed",Total Water,g,2013,200,8.86,tsp,1.0,1.8,200,Spices and Herbs
"Spices, coriander seed",Total lipid (fat),g,2013,200,17.77,tsp,1.0,1.8,200,Spices and Herbs
"Spices, coriander seed",Vitamin A,µg,2013,200,0.0,tsp,1.0,1.8,200,Spices and Herbs
"Spices, coriander seed",Vitamin B-12,µg,2013,200,0.0,tsp,1.0,1.8,200,Spices and Herbs
"Spices, coriander seed",Vitamin C,mg,2013,200,21.0,tsp,1.0,1.8,200,Spices and Herbs
"Spices, coriander seed",Zinc,mg,2013,200,4.7,tsp,1.0,1.8,200,Spices and Herbs
"Spices, coriander seed",Manganese,mg,2013,200,1.9,tsp,1.0,1.8,200,Spices and Herbs
"Spices, coriander seed",Thiamin,mg,2013,200,0.239,tsp,1.0,1.8,200,Spices and Herbs
"Spices, coriander seed",Magnesium,mg,2013,200,330.0,tsp,1.0,1.8,200,Spices and Herbs
"Spices, coriander seed","Folate, food",µg,2013,200,0.0,tsp,1.0,1.8,200,Spices and Herbs
"Spices, coriander seed",Folic acid,µg,2013,200,0.0,tsp,1.0,1.8,200,Spices and Herbs
"Spices, coriander seed",14:00,g,2013,200,0.02,tsp,1.0,1.8,200,Spices and Herbs
"Spices, coriander seed",16:00,g,2013,200,0.81,tsp,1.0,1.8,200,Spices and Herbs
"Spices, coriander seed",Iron,mg,2013,200,16.32,tsp,1.0,1.8,200,Spices and Herbs
"Spices, coriander seed",18:00,g,2013,200,0.11,tsp,1.0,1.8,200,Spices and Herbs
"Spices, coriander seed",18:1 undifferentiated,g,2013,200,13.48,tsp,1.0,1.8,200,Spices and Herbs
"Spices, coriander seed",18:2 undifferentiated,g,2013,200,1.75,tsp,1.0,1.8,200,Spices and Herbs
"Spices, coriander seed",Ash,g,2013,200,6.02,tsp,1.0,1.8,200,Spices and Herbs
"Spices, coriander seed",Calcium,mg,2013,200,709.0,tsp,1.0,1.8,200,Spices and Herbs
"Spices, coriander seed",Carbohydrate,g,2013,200,54.99,tsp,1.0,1.8,200,Spices and Herbs
"Spices, coriander seed",16:1 undifferentiated,g,2013,200,0.1,tsp,1.0,1.8,200,Spices and Herbs
"Spices, coriander seed",Copper,mg,2013,200,0.975,tsp,1.0,1.8,200,Spices and Herbs
"Spices, coriander seed",Energy,kJ,2013,200,1245.0,tsp,1.0,1.8,200,Spices and Herbs
"Spices, coriander seed",Energy,kcal,2013,200,298.0,tsp,1.0,1.8,200,Spices and Herbs
"Spices, coriander seed","Fatty acids, total monounsaturated",g,2013,200,13.58,tsp,1.0,1.8,200,Spices and Herbs
"Spices, coriander seed","Fatty acids, total polyunsaturated",g,2013,200,1.75,tsp,1.0,1.8,200,Spices and Herbs
"Spices, coriander seed","Fatty acids, total saturated",g,2013,200,0.99,tsp,1.0,1.8,200,Spices and Herbs
"Spices, coriander seed",Folate,µg,2013,200,0.0,tsp,1.0,1.8,200,Spices and Herbs
"Spices, coriander seed","Folate, DFE",µg,2013,200,0.0,tsp,1.0,1.8,200,Spices and Herbs
"Spices, coriander seed",Cholesterol,mg,2013,200,0.0,tsp,1.0,1.8,200,Spices and Herbs
"Spices, cumin seed",Riboflavin,mg,2014,200,0.327,"tsp, whole",1.0,2.1,200,Spices and Herbs
"Spices, cumin seed",Retinol,µg,2014,200,0.0,"tsp, whole",1.0,2.1,200,Spices and Herbs
"Spices, cumin seed",Protein,g,2014,200,17.81,"tsp, whole",1.0,2.1,200,Spices and Herbs
"Spices, cumin seed",Potassium,mg,2014,200,1788.0,"tsp, whole",1.0,2.1,200,Spices and Herbs
"Spices, cumin seed",Phytosterols,mg,2014,200,68.0,"tsp, whole",1.0,2.1,200,Spices and Herbs
"Spices, cumin seed",Phosphorus,mg,2014,200,499.0,"tsp, whole",1.0,2.1,200,Spices and Herbs
"Spices, cumin seed",Niacin,mg,2014,200,4.579,"tsp, whole",1.0,2.1,200,Spices and Herbs
"Spices, cumin seed",Lutein + zeaxanthin,µg,2014,200,448.0,"tsp, whole",1.0,2.1,200,Spices and Herbs
"Spices, cumin seed",Magnesium,mg,2014,200,366.0,"tsp, whole",1.0,2.1,200,Spices and Herbs
"Spices, cumin seed",Lycopene,µg,2014,200,0.0,"tsp, whole",1.0,2.1,200,Spices and Herbs
"Spices, cumin seed",Iron,mg,2014,200,66.36,"tsp, whole",1.0,2.1,200,Spices and Herbs
"Spices, cumin seed",Folic acid,µg,2014,200,0.0,"tsp, whole",1.0,2.1,200,Spices and Herbs
"Spices, cumin seed","Folate, food",µg,2014,200,10.0,"tsp, whole",1.0,2.1,200,Spices and Herbs
"Spices, cumin seed","Folate, DFE",µg,2014,200,10.0,"tsp, whole",1.0,2.1,200,Spices and Herbs
"Spices, cumin seed",Manganese,mg,2014,200,3.333,"tsp, whole",1.0,2.1,200,Spices and Herbs
"Spices, cumin seed",Selenium,µg,2014,200,5.2,"tsp, whole",1.0,2.1,200,Spices and Herbs
"Spices, cumin seed","Vitamin B-12, added",µg,2014,200,0.0,"tsp, whole",1.0,2.1,200,Spices and Herbs
"Spices, cumin seed",Theobromine,mg,2014,200,0.0,"tsp, whole",1.0,2.1,200,Spices and Herbs
"Spices, cumin seed",Zinc,mg,2014,200,4.8,"tsp, whole",1.0,2.1,200,Spices and Herbs
"Spices, cumin seed",Vitamin K,µg,2014,200,5.4,"tsp, whole",1.0,2.1,200,Spices and Herbs
"Spices, cumin seed","Vitamin E, added",mg,2014,200,0.0,"tsp, whole",1.0,2.1,200,Spices and Herbs
"Spices, cumin seed",Vitamin E,mg,2014,200,3.33,"tsp, whole",1.0,2.1,200,Spices and Herbs
"Spices, cumin seed",Vitamin D,µg,2014,200,0.0,"tsp, whole",1.0,2.1,200,Spices and Herbs
"Spices, cumin seed",Vitamin C,mg,2014,200,7.7,"tsp, whole",1.0,2.1,200,Spices and Herbs
"Spices, cumin seed",Sodium,mg,2014,200,168.0,"tsp, whole",1.0,2.1,200,Spices and Herbs
"Spices, cumin seed",Vitamin B-6,mg,2014,200,0.435,"tsp, whole",1.0,2.1,200,Spices and Herbs
"Spices, cumin seed",Vitamin B-12,µg,2014,200,0.0,"tsp, whole",1.0,2.1,200,Spices and Herbs
"Spices, cumin seed",Vitamin A,µg,2014,200,64.0,"tsp, whole",1.0,2.1,200,Spices and Herbs
"Spices, cumin seed",Total lipid (fat),g,2014,200,22.27,"tsp, whole",1.0,2.1,200,Spices and Herbs
"Spices, cumin seed",Total Water,g,2014,200,8.06,"tsp, whole",1.0,2.1,200,Spices and Herbs
"Spices, cumin seed",Total Fiber,g,2014,200,10.5,"tsp, whole",1.0,2.1,200,Spices and Herbs
"Spices, cumin seed",Thiamin,mg,2014,200,0.628,"tsp, whole",1.0,2.1,200,Spices and Herbs
"Spices, cumin seed",Folate,µg,2014,200,10.0,"tsp, whole",1.0,2.1,200,Spices and Herbs
"Spices, cumin seed","Fatty acids, total saturated",g,2014,200,1.535,"tsp, whole",1.0,2.1,200,Spices and Herbs
"Spices, cumin seed","Sugars, total",g,2014,200,2.25,"tsp, whole",1.0,2.1,200,Spices and Herbs
"Spices, cumin seed","Fatty acids, total monounsaturated",g,2014,200,14.04,"tsp, whole",1.0,2.1,200,Spices and Herbs
"Spices, cumin seed",20:01,g,2014,200,0.212,"tsp, whole",1.0,2.1,200,Spices and Herbs
"Spices, cumin seed",18:3 undifferentiated,g,2014,200,0.176,"tsp, whole",1.0,2.1,200,Spices and Herbs
"Spices, cumin seed",18:2 undifferentiated,g,2014,200,3.103,"tsp, whole",1.0,2.1,200,Spices and Herbs
"Spices, cumin seed",18:1 undifferentiated,g,2014,200,13.618,"tsp, whole",1.0,2.1,200,Spices and Herbs
"Spices, cumin seed",18:04,g,2014,200,0.0,"tsp, whole",1.0,2.1,200,Spices and Herbs
"Spices, cumin seed",18:00,g,2014,200,0.344,"tsp, whole",1.0,2.1,200,Spices and Herbs
"Spices, cumin seed",20:4 undifferentiated,g,2014,200,0.0,"tsp, whole",1.0,2.1,200,Spices and Herbs
"Spices, cumin seed",16:1 undifferentiated,g,2014,200,0.212,"tsp, whole",1.0,2.1,200,Spices and Herbs
"Spices, cumin seed",14:00,g,2014,200,0.018,"tsp, whole",1.0,2.1,200,Spices and Herbs
"Spices, cumin seed",12:00,g,2014,200,0.018,"tsp, whole",1.0,2.1,200,Spices and Herbs
"Spices, cumin seed",10:00,g,2014,200,0.018,"tsp, whole",1.0,2.1,200,Spices and Herbs
"Spices, cumin seed",06:00,g,2014,200,0.0,"tsp, whole",1.0,2.1,200,Spices and Herbs
"Spices, cumin seed",04:00,g,2014,200,0.0,"tsp, whole",1.0,2.1,200,Spices and Herbs
"Spices, cumin seed","Fatty acids, total polyunsaturated",g,2014,200,3.279,"tsp, whole",1.0,2.1,200,Spices and Herbs
"Spices, cumin seed",16:00,g,2014,200,1.137,"tsp, whole",1.0,2.1,200,Spices and Herbs
"Spices, cumin seed",20:5 n-3 (EPA),g,2014,200,0.0,"tsp, whole",1.0,2.1,200,Spices and Herbs
"Spices, cumin seed",08:00,g,2014,200,0.0,"tsp, whole",1.0,2.1,200,Spices and Herbs
"Spices, cumin seed",22:5 n-3 (DPA),g,2014,200,0.0,"tsp, whole",1.0,2.1,200,Spices and Herbs
"Spices, cumin seed",22:1 undifferentiated,g,2014,200,0.0,"tsp, whole",1.0,2.1,200,Spices and Herbs
"Spices, cumin seed",Energy,kcal,2014,200,375.0,"tsp, whole",1.0,2.1,200,Spices and Herbs
"Spices, cumin seed","Cryptoxanthin, beta",µg,2014,200,0.0,"tsp, whole",1.0,2.1,200,Spices and Herbs
"Spices, cumin seed",Copper,mg,2014,200,0.867,"tsp, whole",1.0,2.1,200,Spices and Herbs
"Spices, cumin seed",Choline,mg,2014,200,24.7,"tsp, whole",1.0,2.1,200,Spices and Herbs
"Spices, cumin seed",Cholesterol,mg,2014,200,0.0,"tsp, whole",1.0,2.1,200,Spices and Herbs
"Spices, cumin seed","Carotene, beta",µg,2014,200,762.0,"tsp, whole",1.0,2.1,200,Spices and Herbs
"Spices, cumin seed",Energy,kJ,2014,200,1567.0,"tsp, whole",1.0,2.1,200,Spices and Herbs
"Spices, cumin seed",Carbohydrate,g,2014,200,44.24,"tsp, whole",1.0,2.1,200,Spices and Herbs
"Spices, cumin seed",Calcium,mg,2014,200,931.0,"tsp, whole",1.0,2.1,200,Spices and Herbs
"Spices, cumin seed",Caffeine,mg,2014,200,0.0,"tsp, whole",1.0,2.1,200,Spices and Herbs
"Spices, cumin seed",Ash,g,2014,200,7.62,"tsp, whole",1.0,2.1,200,Spices and Herbs
"Spices, cumin seed",Alcohol,g,2014,200,0.0,"tsp, whole",1.0,2.1,200,Spices and Herbs
"Spices, cumin seed","Carotene, alpha",µg,2014,200,0.0,"tsp, whole",1.0,2.1,200,Spices and Herbs
"Spices, cumin seed",22:6 n-3 (DHA),g,2014,200,0.0,"tsp, whole",1.0,2.1,200,Spices and Herbs
"Spices, curry powder",Lycopene,µg,2015,200,0.0,tsp,1.0,2.0,200,Spices and Herbs
"Spices, curry powder",Lysine,g,2015,200,0.7,tsp,1.0,2.0,200,Spices and Herbs
"Spices, curry powder",Magnesium,mg,2015,200,255.0,tsp,1.0,2.0,200,Spices and Herbs
"Spices, curry powder",Maltose,g,2015,200,0.0,tsp,1.0,2.0,200,Spices and Herbs
"Spices, curry powder",Manganese,mg,2015,200,8.3,tsp,1.0,2.0,200,Spices and Herbs
"Spices, curry powder",Pantothenic Acid,mg,2015,200,1.07,tsp,1.0,2.0,200,Spices and Herbs
"Spices, curry powder",Niacin,mg,2015,200,3.26,tsp,1.0,2.0,200,Spices and Herbs
"Spices, curry powder",Phenylalanine,g,2015,200,0.58,tsp,1.0,2.0,200,Spices and Herbs
"Spices, curry powder",Phosphorus,mg,2015,200,367.0,tsp,1.0,2.0,200,Spices and Herbs
"Spices, curry powder",Potassium,mg,2015,200,1170.0,tsp,1.0,2.0,200,Spices and Herbs
"Spices, curry powder",Proline,g,2015,200,1.24,tsp,1.0,2.0,200,Spices and Herbs
"Spices, curry powder",Methionine,g,2015,200,0.19,tsp,1.0,2.0,200,Spices and Herbs
"Spices, curry powder",Lutein + zeaxanthin,µg,2015,200,0.0,tsp,1.0,2.0,200,Spices and Herbs
"Spices, curry powder",Glutamic acid,g,2015,200,2.27,tsp,1.0,2.0,200,Spices and Herbs
"Spices, curry powder",Lactose,g,2015,200,0.0,tsp,1.0,2.0,200,Spices and Herbs
"Spices, curry powder",Isoleucine,g,2015,200,0.63,tsp,1.0,2.0,200,Spices and Herbs
"Spices, curry powder",Iron,mg,2015,200,19.1,tsp,1.0,2.0,200,Spices and Herbs
"Spices, curry powder",Hydroxyproline,g,2015,200,0.0,tsp,1.0,2.0,200,Spices and Herbs
"Spices, curry powder",Glycine,g,2015,200,0.79,tsp,1.0,2.0,200,Spices and Herbs
"Spices, curry powder",Glucose (dextrose),g,2015,200,1.14,tsp,1.0,2.0,200,Spices and Herbs
"Spices, curry powder",Galactose,g,2015,200,0.21,tsp,1.0,2.0,200,Spices and Herbs
"Spices, curry powder",Fructose,g,2015,200,0.79,tsp,1.0,2.0,200,Spices and Herbs
"Spices, curry powder",Folic acid,µg,2015,200,0.0,tsp,1.0,2.0,200,Spices and Herbs
"Spices, curry powder","Folate, food",µg,2015,200,56.0,tsp,1.0,2.0,200,Spices and Herbs
"Spices, curry powder","Folate, DFE",µg,2015,200,56.0,tsp,1.0,2.0,200,Spices and Herbs
"Spices, curry powder",Protein,g,2015,200,14.29,tsp,1.0,2.0,200,Spices and Herbs
"Spices, curry powder",Leucine,g,2015,200,0.89,tsp,1.0,2.0,200,Spices and Herbs
"Spices, curry powder",Retinol,µg,2015,200,0.0,tsp,1.0,2.0,200,Spices and Herbs
"Spices, curry powder",Tyrosine,g,2015,200,0.4,tsp,1.0,2.0,200,Spices and Herbs
"Spices, curry powder",Selenium,µg,2015,200,40.3,tsp,1.0,2.0,200,Spices and Herbs
"Spices, curry powder",Folate,µg,2015,200,56.0,tsp,1.0,2.0,200,Spices and Herbs
"Spices, curry powder",Zinc,mg,2015,200,4.7,tsp,1.0,2.0,200,Spices and Herbs
"Spices, curry powder",Vitamin K,µg,2015,200,99.8,tsp,1.0,2.0,200,Spices and Herbs
"Spices, curry powder","Vitamin E, added",mg,2015,200,0.0,tsp,1.0,2.0,200,Spices and Herbs
"Spices, curry powder",Vitamin E,mg,2015,200,25.24,tsp,1.0,2.0,200,Spices and Herbs
"Spices, curry powder",Vitamin D,µg,2015,200,0.0,tsp,1.0,2.0,200,Spices and Herbs
"Spices, curry powder",Vitamin C,mg,2015,200,0.7,tsp,1.0,2.0,200,Spices and Herbs
"Spices, curry powder",Vitamin B-6,mg,2015,200,0.105,tsp,1.0,2.0,200,Spices and Herbs
"Spices, curry powder","Vitamin B-12, added",µg,2015,200,0.0,tsp,1.0,2.0,200,Spices and Herbs
"Spices, curry powder",Vitamin B-12,µg,2015,200,0.0,tsp,1.0,2.0,200,Spices and Herbs
"Spices, curry powder",Vitamin A,µg,2015,200,1.0,tsp,1.0,2.0,200,Spices and Herbs
"Spices, curry powder",Valine,g,2015,200,0.75,tsp,1.0,2.0,200,Spices and Herbs
"Spices, curry powder",Riboflavin,mg,2015,200,0.2,tsp,1.0,2.0,200,Spices and Herbs
"Spices, curry powder",Tryptophan,g,2015,200,0.11,tsp,1.0,2.0,200,Spices and Herbs
"Spices, curry powder",Total Water,g,2015,200,8.8,tsp,1.0,2.0,200,Spices and Herbs
"Spices, curry powder",Total Fiber,g,2015,200,53.2,tsp,1.0,2.0,200,Spices and Herbs
"Spices, curry powder","Tocopherol, gamma",mg,2015,200,1.15,tsp,1.0,2.0,200,Spices and Herbs
"Spices, curry powder","Tocopherol, delta",mg,2015,200,0.0,tsp,1.0,2.0,200,Spices and Herbs
"Spices, curry powder","Tocopherol, beta",mg,2015,200,0.0,tsp,1.0,2.0,200,Spices and Herbs
"Spices, curry powder",Threonine,g,2015,200,0.35,tsp,1.0,2.0,200,Spices and Herbs
"Spices, curry powder",Thiamin,mg,2015,200,0.176,tsp,1.0,2.0,200,Spices and Herbs
"Spices, curry powder",Theobromine,mg,2015,200,0.0,tsp,1.0,2.0,200,Spices and Herbs
"Spices, curry powder","Sugars, total",g,2015,200,2.76,tsp,1.0,2.0,200,Spices and Herbs
"Spices, curry powder",Sucrose,g,2015,200,0.62,tsp,1.0,2.0,200,Spices and Herbs
"Spices, curry powder",Sodium,mg,2015,200,52.0,tsp,1.0,2.0,200,Spices and Herbs
"Spices, curry powder",Serine,g,2015,200,0.39,tsp,1.0,2.0,200,Spices and Herbs
"Spices, curry powder",Total lipid (fat),g,2015,200,14.01,tsp,1.0,2.0,200,Spices and Herbs
"Spices, curry powder","Fatty acids, total trans-monoenoic",g,2015,200,0.0,tsp,1.0,2.0,200,Spices and Herbs
"Spices, curry powder",Histidine,g,2015,200,0.29,tsp,1.0,2.0,200,Spices and Herbs
"Spices, curry powder","Fatty acids, total saturated",g,2015,200,1.648,tsp,1.0,2.0,200,Spices and Herbs
"Spices, curry powder",20:4 undifferentiated,g,2015,200,0.0,tsp,1.0,2.0,200,Spices and Herbs
"Spices, curry powder",20:3 undifferentiated,g,2015,200,0.0,tsp,1.0,2.0,200,Spices and Herbs
"Spices, curry powder","20:2 n-6 c,c",g,2015,200,0.0,tsp,1.0,2.0,200,Spices and Herbs
"Spices, curry powder",20:01,g,2015,200,0.013,tsp,1.0,2.0,200,Spices and Herbs
"Spices, curry powder",20:00,g,2015,200,0.0,tsp,1.0,2.0,200,Spices and Herbs
"Spices, curry powder",18:3 undifferentiated,g,2015,200,0.268,tsp,1.0,2.0,200,Spices and Herbs
"Spices, curry powder","18:3 n-6 c,c,c",g,2015,200,0.013,tsp,1.0,2.0,200,Spices and Herbs
"Spices, curry powder",18:2 undifferentiated,g,2015,200,2.788,tsp,1.0,2.0,200,Spices and Herbs
"Spices, curry powder",18:1 undifferentiated,g,2015,200,8.742,tsp,1.0,2.0,200,Spices and Herbs
"Spices, curry powder",18:1 t,g,2015,200,0.0,tsp,1.0,2.0,200,Spices and Herbs
"Spices, curry powder",18:1 c,g,2015,200,8.742,tsp,1.0,2.0,200,Spices and Herbs
"Spices, curry powder",18:04,g,2015,200,0.0,tsp,1.0,2.0,200,Spices and Herbs
"Spices, curry powder",20:5 n-3 (EPA),g,2015,200,0.0,tsp,1.0,2.0,200,Spices and Herbs
"Spices, curry powder",18:00,g,2015,200,0.174,tsp,1.0,2.0,200,Spices and Herbs
"Spices, curry powder",16:1 undifferentiated,g,2015,200,0.013,tsp,1.0,2.0,200,Spices and Herbs
"Spices, curry powder",16:00,g,2015,200,0.681,tsp,1.0,2.0,200,Spices and Herbs
"Spices, curry powder",15:01,g,2015,200,0.0,tsp,1.0,2.0,200,Spices and Herbs
"Spices, curry powder",15:00,g,2015,200,0.0,tsp,1.0,2.0,200,Spices and Herbs
"Spices, curry powder",14:01,g,2015,200,0.0,tsp,1.0,2.0,200,Spices and Herbs
"Spices, curry powder",14:00,g,2015,200,0.637,tsp,1.0,2.0,200,Spices and Herbs
"Spices, curry powder",13:00,g,2015,200,0.079,tsp,1.0,2.0,200,Spices and Herbs
"Spices, curry powder",12:00,g,2015,200,0.0,tsp,1.0,2.0,200,Spices and Herbs
"Spices, curry powder",10:00,g,2015,200,0.013,tsp,1.0,2.0,200,Spices and Herbs
"Spices, curry powder",08:00,g,2015,200,0.013,tsp,1.0,2.0,200,Spices and Herbs
"Spices, curry powder",06:00,g,2015,200,0.038,tsp,1.0,2.0,200,Spices and Herbs
"Spices, curry powder",04:00,g,2015,200,0.012,tsp,1.0,2.0,200,Spices and Herbs
"Spices, curry powder",17:01,g,2015,200,0.0,tsp,1.0,2.0,200,Spices and Herbs
"Spices, curry powder",22:00,g,2015,200,0.0,tsp,1.0,2.0,200,Spices and Herbs
"Spices, curry powder",17:00,g,2015,200,0.0,tsp,1.0,2.0,200,Spices and Herbs
"Spices, curry powder",22:5 n-3 (DPA),g,2015,200,0.0,tsp,1.0,2.0,200,Spices and Herbs
"Spices, curry powder",22:1 undifferentiated,g,2015,200,0.014,tsp,1.0,2.0,200,Spices and Herbs
"Spices, curry powder","Fatty acids, total polyunsaturated",g,2015,200,3.056,tsp,1.0,2.0,200,Spices and Herbs
"Spices, curry powder","Fatty acids, total monounsaturated",g,2015,200,8.782,tsp,1.0,2.0,200,Spices and Herbs
"Spices, curry powder",Energy,kcal,2015,200,325.0,tsp,1.0,2.0,200,Spices and Herbs
"Spices, curry powder",Energy,kJ,2015,200,1359.0,tsp,1.0,2.0,200,Spices and Herbs
"Spices, curry powder",Dihydrophylloquinone,µg,2015,200,0.0,tsp,1.0,2.0,200,Spices and Herbs
"Spices, curry powder",Cystine,g,2015,200,0.2,tsp,1.0,2.0,200,Spices and Herbs
"Spices, curry powder",Copper,mg,2015,200,1.2,tsp,1.0,2.0,200,Spices and Herbs
"Spices, curry powder","Fatty acids, total trans",g,2015,200,0.0,tsp,1.0,2.0,200,Spices and Herbs
"Spices, curry powder",Choline,mg,2015,200,64.2,tsp,1.0,2.0,200,Spices and Herbs
"Spices, curry powder",Cholesterol,mg,2015,200,0.0,tsp,1.0,2.0,200,Spices and Herbs
"Spices, curry powder","Carotene, beta",µg,2015,200,11.0,tsp,1.0,2.0,200,Spices and Herbs
"Spices, curry powder","Carotene, alpha",µg,2015,200,0.0,tsp,1.0,2.0,200,Spices and Herbs
"Spices, curry powder","Cryptoxanthin, beta",µg,2015,200,0.0,tsp,1.0,2.0,200,Spices and Herbs
"Spices, curry powder",Alcohol,g,2015,200,0.0,tsp,1.0,2.0,200,Spices and Herbs
"Spices, curry powder",Calcium,mg,2015,200,525.0,tsp,1.0,2.0,200,Spices and Herbs
"Spices, curry powder",Caffeine,mg,2015,200,0.0,tsp,1.0,2.0,200,Spices and Herbs
"Spices, curry powder",Betaine,mg,2015,200,28.8,tsp,1.0,2.0,200,Spices and Herbs
"Spices, curry powder",Aspartic acid,g,2015,200,1.79,tsp,1.0,2.0,200,Spices and Herbs
"Spices, curry powder",Ash,g,2015,200,7.07,tsp,1.0,2.0,200,Spices and Herbs
"Spices, curry powder",Arginine,g,2015,200,0.89,tsp,1.0,2.0,200,Spices and Herbs
"Spices, curry powder",Alpha-Linolenic Acid,g,2015,200,0.255,tsp,1.0,2.0,200,Spices and Herbs
"Spices, curry powder",Alanine,g,2015,200,0.55,tsp,1.0,2.0,200,Spices and Herbs
"Spices, curry powder",24:1 c,g,2015,200,0.0,tsp,1.0,2.0,200,Spices and Herbs
"Spices, curry powder",24:00:00,g,2015,200,0.0,tsp,1.0,2.0,200,Spices and Herbs
"Spices, curry powder",Carbohydrate,g,2015,200,55.83,tsp,1.0,2.0,200,Spices and Herbs
"Spices, curry powder",22:6 n-3 (DHA),g,2015,200,0.0,tsp,1.0,2.0,200,Spices and Herbs
"Spices, dill seed",Phenylalanine,g,2016,200,0.67,tsp,1.0,2.1,200,Spices and Herbs
"Spices, dill seed",Phosphorus,mg,2016,200,277.0,tsp,1.0,2.1,200,Spices and Herbs
"Spices, dill seed",Histidine,g,2016,200,0.32,tsp,1.0,2.1,200,Spices and Herbs
"Spices, dill seed",Niacin,mg,2016,200,2.807,tsp,1.0,2.1,200,Spices and Herbs
"Spices, dill seed",Potassium,mg,2016,200,1186.0,tsp,1.0,2.1,200,Spices and Herbs
"Spices, dill seed",Phytosterols,mg,2016,200,124.0,tsp,1.0,2.1,200,Spices and Herbs
"Spices, dill seed",Methionine,g,2016,200,0.143,tsp,1.0,2.1,200,Spices and Herbs
"Spices, dill seed",Iron,mg,2016,200,16.33,tsp,1.0,2.1,200,Spices and Herbs
"Spices, dill seed",Magnesium,mg,2016,200,256.0,tsp,1.0,2.1,200,Spices and Herbs
"Spices, dill seed",Lysine,g,2016,200,1.038,tsp,1.0,2.1,200,Spices and Herbs
"Spices, dill seed",Leucine,g,2016,200,0.925,tsp,1.0,2.1,200,Spices and Herbs
"Spices, dill seed",Isoleucine,g,2016,200,0.767,tsp,1.0,2.1,200,Spices and Herbs
"Spices, dill seed",Protein,g,2016,200,15.98,tsp,1.0,2.1,200,Spices and Herbs
"Spices, dill seed",Manganese,mg,2016,200,1.833,tsp,1.0,2.1,200,Spices and Herbs
"Spices, dill seed",Retinol,µg,2016,200,0.0,tsp,1.0,2.1,200,Spices and Herbs
"Spices, dill seed",Vitamin C,mg,2016,200,21.0,tsp,1.0,2.1,200,Spices and Herbs
"Spices, dill seed",Selenium,µg,2016,200,12.1,tsp,1.0,2.1,200,Spices and Herbs
"Spices, dill seed",Folic acid,µg,2016,200,0.0,tsp,1.0,2.1,200,Spices and Herbs
"Spices, dill seed",Zinc,mg,2016,200,5.2,tsp,1.0,2.1,200,Spices and Herbs
"Spices, dill seed",Vitamin D,µg,2016,200,0.0,tsp,1.0,2.1,200,Spices and Herbs
"Spices, dill seed",Vitamin B-6,mg,2016,200,0.25,tsp,1.0,2.1,200,Spices and Herbs
"Spices, dill seed",Vitamin B-12,µg,2016,200,0.0,tsp,1.0,2.1,200,Spices and Herbs
"Spices, dill seed",Vitamin A,µg,2016,200,3.0,tsp,1.0,2.1,200,Spices and Herbs
"Spices, dill seed",Riboflavin,mg,2016,200,0.284,tsp,1.0,2.1,200,Spices and Herbs
"Spices, dill seed",Valine,g,2016,200,1.12,tsp,1.0,2.1,200,Spices and Herbs
"Spices, dill seed",Total Water,g,2016,200,7.7,tsp,1.0,2.1,200,Spices and Herbs
"Spices, dill seed",Total Fiber,g,2016,200,21.1,tsp,1.0,2.1,200,Spices and Herbs
"Spices, dill seed",Threonine,g,2016,200,0.575,tsp,1.0,2.1,200,Spices and Herbs
"Spices, dill seed",Thiamin,mg,2016,200,0.418,tsp,1.0,2.1,200,Spices and Herbs
"Spices, dill seed",Theobromine,mg,2016,200,0.0,tsp,1.0,2.1,200,Spices and Herbs
"Spices, dill seed",Sodium,mg,2016,200,20.0,tsp,1.0,2.1,200,Spices and Herbs
"Spices, dill seed",Total lipid (fat),g,2016,200,14.54,tsp,1.0,2.1,200,Spices and Herbs
"Spices, dill seed","Folate, food",µg,2016,200,10.0,tsp,1.0,2.1,200,Spices and Herbs
"Spices, dill seed","Fatty acids, total saturated",g,2016,200,0.73,tsp,1.0,2.1,200,Spices and Herbs
"Spices, dill seed",Folate,µg,2016,200,10.0,tsp,1.0,2.1,200,Spices and Herbs
"Spices, dill seed",20:01,g,2016,200,0.0,tsp,1.0,2.1,200,Spices and Herbs
"Spices, dill seed",18:3 undifferentiated,g,2016,200,0.15,tsp,1.0,2.1,200,Spices and Herbs
"Spices, dill seed",18:2 undifferentiated,g,2016,200,0.96,tsp,1.0,2.1,200,Spices and Herbs
"Spices, dill seed",18:1 undifferentiated,g,2016,200,9.36,tsp,1.0,2.1,200,Spices and Herbs
"Spices, dill seed",18:00,g,2016,200,0.1,tsp,1.0,2.1,200,Spices and Herbs
"Spices, dill seed",16:1 undifferentiated,g,2016,200,0.05,tsp,1.0,2.1,200,Spices and Herbs
"Spices, dill seed",20:4 undifferentiated,g,2016,200,0.0,tsp,1.0,2.1,200,Spices and Herbs
"Spices, dill seed",16:00,g,2016,200,0.58,tsp,1.0,2.1,200,Spices and Herbs
"Spices, dill seed",12:00,g,2016,200,0.01,tsp,1.0,2.1,200,Spices and Herbs
"Spices, dill seed",10:00,g,2016,200,0.0,tsp,1.0,2.1,200,Spices and Herbs
"Spices, dill seed",08:00,g,2016,200,0.0,tsp,1.0,2.1,200,Spices and Herbs
"Spices, dill seed",06:00,g,2016,200,0.0,tsp,1.0,2.1,200,Spices and Herbs
"Spices, dill seed",04:00,g,2016,200,0.0,tsp,1.0,2.1,200,Spices and Herbs
"Spices, dill seed","Folate, DFE",µg,2016,200,10.0,tsp,1.0,2.1,200,Spices and Herbs
"Spices, dill seed",14:00,g,2016,200,0.01,tsp,1.0,2.1,200,Spices and Herbs
"Spices, dill seed",20:5 n-3 (EPA),g,2016,200,0.0,tsp,1.0,2.1,200,Spices and Herbs
"Spices, dill seed",18:04,g,2016,200,0.0,tsp,1.0,2.1,200,Spices and Herbs
"Spices, dill seed",22:5 n-3 (DPA),g,2016,200,0.0,tsp,1.0,2.1,200,Spices and Herbs
"Spices, dill seed",22:1 undifferentiated,g,2016,200,0.0,tsp,1.0,2.1,200,Spices and Herbs
"Spices, dill seed","Fatty acids, total monounsaturated",g,2016,200,9.41,tsp,1.0,2.1,200,Spices and Herbs
"Spices, dill seed",Energy,kcal,2016,200,305.0,tsp,1.0,2.1,200,Spices and Herbs
"Spices, dill seed",Energy,kJ,2016,200,1276.0,tsp,1.0,2.1,200,Spices and Herbs
"Spices, dill seed",Copper,mg,2016,200,0.78,tsp,1.0,2.1,200,Spices and Herbs
"Spices, dill seed",Cholesterol,mg,2016,200,0.0,tsp,1.0,2.1,200,Spices and Herbs
"Spices, dill seed",Carbohydrate,g,2016,200,55.17,tsp,1.0,2.1,200,Spices and Herbs
"Spices, dill seed","Fatty acids, total polyunsaturated",g,2016,200,1.01,tsp,1.0,2.1,200,Spices and Herbs
"Spices, dill seed",Caffeine,mg,2016,200,0.0,tsp,1.0,2.1,200,Spices and Herbs
"Spices, dill seed",Ash,g,2016,200,6.62,tsp,1.0,2.1,200,Spices and Herbs
"Spices, dill seed",Arginine,g,2016,200,1.263,tsp,1.0,2.1,200,Spices and Herbs
"Spices, dill seed",Alcohol,g,2016,200,0.0,tsp,1.0,2.1,200,Spices and Herbs
"Spices, dill seed",22:6 n-3 (DHA),g,2016,200,0.0,tsp,1.0,2.1,200,Spices and Herbs
"Spices, dill seed",Calcium,mg,2016,200,1516.0,tsp,1.0,2.1,200,Spices and Herbs
"Spices, dill weed, dried",Riboflavin,mg,2017,200,0.284,tsp,1.0,1.0,200,Spices and Herbs
"Spices, dill weed, dried",Zinc,mg,2017,200,3.3,tsp,1.0,1.0,200,Spices and Herbs
"Spices, dill weed, dried",Sodium,mg,2017,200,208.0,tsp,1.0,1.0,200,Spices and Herbs
"Spices, dill weed, dried",Thiamin,mg,2017,200,0.418,tsp,1.0,1.0,200,Spices and Herbs
"Spices, dill weed, dried",Total Fiber,g,2017,200,13.6,tsp,1.0,1.0,200,Spices and Herbs
"Spices, dill weed, dried",Total Water,g,2017,200,7.3,tsp,1.0,1.0,200,Spices and Herbs
"Spices, dill weed, dried",Vitamin B-12,µg,2017,200,0.0,tsp,1.0,1.0,200,Spices and Herbs
"Spices, dill weed, dried",Vitamin A,µg,2017,200,293.0,tsp,1.0,1.0,200,Spices and Herbs
"Spices, dill weed, dried",Vitamin B-6,mg,2017,200,1.71,tsp,1.0,1.0,200,Spices and Herbs
"Spices, dill weed, dried",Vitamin C,mg,2017,200,50.0,tsp,1.0,1.0,200,Spices and Herbs
"Spices, dill weed, dried",Vitamin D,µg,2017,200,0.0,tsp,1.0,1.0,200,Spices and Herbs
"Spices, dill weed, dried",Retinol,µg,2017,200,0.0,tsp,1.0,1.0,200,Spices and Herbs
"Spices, dill weed, dried",Total lipid (fat),g,2017,200,4.36,tsp,1.0,1.0,200,Spices and Herbs
"Spices, dill weed, dried",Protein,g,2017,200,19.96,tsp,1.0,1.0,200,Spices and Herbs
"Spices, dill weed, dried",Magnesium,mg,2017,200,451.0,tsp,1.0,1.0,200,Spices and Herbs
"Spices, dill weed, dried",Phosphorus,mg,2017,200,543.0,tsp,1.0,1.0,200,Spices and Herbs
"Spices, dill weed, dried",Potassium,mg,2017,200,3308.0,tsp,1.0,1.0,200,Spices and Herbs
"Spices, dill weed, dried",Calcium,mg,2017,200,1784.0,tsp,1.0,1.0,200,Spices and Herbs
"Spices, dill weed, dried",Carbohydrate,g,2017,200,55.82,tsp,1.0,1.0,200,Spices and Herbs
"Spices, dill weed, dried",Cholesterol,mg,2017,200,0.0,tsp,1.0,1.0,200,Spices and Herbs
"Spices, dill weed, dried",Copper,mg,2017,200,0.49,tsp,1.0,1.0,200,Spices and Herbs
"Spices, dill weed, dried",Energy,kJ,2017,200,1059.0,tsp,1.0,1.0,200,Spices and Herbs
"Spices, dill weed, dried",Ash,g,2017,200,12.56,tsp,1.0,1.0,200,Spices and Herbs
"Spices, dill weed, dried","Fatty acids, total saturated",g,2017,200,0.234,tsp,1.0,1.0,200,Spices and Herbs
"Spices, dill weed, dried","Fatty acids, total trans",g,2017,200,0.0,tsp,1.0,1.0,200,Spices and Herbs
"Spices, dill weed, dried",Iron,mg,2017,200,48.78,tsp,1.0,1.0,200,Spices and Herbs
"Spices, dill weed, dried",Manganese,mg,2017,200,3.95,tsp,1.0,1.0,200,Spices and Herbs
"Spices, dill weed, dried",Energy,kcal,2017,200,253.0,tsp,1.0,1.0,200,Spices and Herbs
"Spices, dill weed, dried",Niacin,mg,2017,200,2.807,tsp,1.0,1.0,200,Spices and Herbs
"Spices, fennel seed",Sodium,mg,2018,200,88.0,"tsp, whole",1.0,2.0,200,Spices and Herbs
"Spices, fennel seed",Serine,g,2018,200,0.9,"tsp, whole",1.0,2.0,200,Spices and Herbs
"Spices, fennel seed",Riboflavin,mg,2018,200,0.353,"tsp, whole",1.0,2.0,200,Spices and Herbs
"Spices, fennel seed",Retinol,µg,2018,200,0.0,"tsp, whole",1.0,2.0,200,Spices and Herbs
"Spices, fennel seed",Potassium,mg,2018,200,1694.0,"tsp, whole",1.0,2.0,200,Spices and Herbs
"Spices, fennel seed",Proline,g,2018,200,0.9,"tsp, whole",1.0,2.0,200,Spices and Herbs
"Spices, fennel seed",Phytosterols,mg,2018,200,66.0,"tsp, whole",1.0,2.0,200,Spices and Herbs
"Spices, fennel seed",Phosphorus,mg,2018,200,487.0,"tsp, whole",1.0,2.0,200,Spices and Herbs
"Spices, fennel seed",Phenylalanine,g,2018,200,0.647,"tsp, whole",1.0,2.0,200,Spices and Herbs
"Spices, fennel seed",Thiamin,mg,2018,200,0.408,"tsp, whole",1.0,2.0,200,Spices and Herbs
"Spices, fennel seed",Protein,g,2018,200,15.8,"tsp, whole",1.0,2.0,200,Spices and Herbs
"Spices, fennel seed",Threonine,g,2018,200,0.602,"tsp, whole",1.0,2.0,200,Spices and Herbs
"Spices, fennel seed",Zinc,mg,2018,200,3.7,"tsp, whole",1.0,2.0,200,Spices and Herbs
"Spices, fennel seed",Total Water,g,2018,200,8.81,"tsp, whole",1.0,2.0,200,Spices and Herbs
"Spices, fennel seed",Total lipid (fat),g,2018,200,14.87,"tsp, whole",1.0,2.0,200,Spices and Herbs
"Spices, fennel seed",Tryptophan,g,2018,200,0.253,"tsp, whole",1.0,2.0,200,Spices and Herbs
"Spices, fennel seed",Tyrosine,g,2018,200,0.41,"tsp, whole",1.0,2.0,200,Spices and Herbs
"Spices, fennel seed",Valine,g,2018,200,0.915,"tsp, whole",1.0,2.0,200,Spices and Herbs
"Spices, fennel seed",Vitamin A,µg,2018,200,7.0,"tsp, whole",1.0,2.0,200,Spices and Herbs
"Spices, fennel seed",Vitamin B-12,µg,2018,200,0.0,"tsp, whole",1.0,2.0,200,Spices and Herbs
"Spices, fennel seed",Vitamin B-6,mg,2018,200,0.47,"tsp, whole",1.0,2.0,200,Spices and Herbs
"Spices, fennel seed",Vitamin C,mg,2018,200,21.0,"tsp, whole",1.0,2.0,200,Spices and Herbs
"Spices, fennel seed",Vitamin D,µg,2018,200,0.0,"tsp, whole",1.0,2.0,200,Spices and Herbs
"Spices, fennel seed",Niacin,mg,2018,200,6.05,"tsp, whole",1.0,2.0,200,Spices and Herbs
"Spices, fennel seed",Total Fiber,g,2018,200,39.8,"tsp, whole",1.0,2.0,200,Spices and Herbs
"Spices, fennel seed",Methionine,g,2018,200,0.301,"tsp, whole",1.0,2.0,200,Spices and Herbs
"Spices, fennel seed",Ash,g,2018,200,8.22,"tsp, whole",1.0,2.0,200,Spices and Herbs
"Spices, fennel seed",Magnesium,mg,2018,200,385.0,"tsp, whole",1.0,2.0,200,Spices and Herbs
"Spices, fennel seed",Manganese,mg,2018,200,6.533,"tsp, whole",1.0,2.0,200,Spices and Herbs
"Spices, fennel seed",16:00,g,2018,200,0.48,"tsp, whole",1.0,2.0,200,Spices and Herbs
"Spices, fennel seed",18:1 undifferentiated,g,2018,200,9.91,"tsp, whole",1.0,2.0,200,Spices and Herbs
"Spices, fennel seed",18:2 undifferentiated,g,2018,200,1.69,"tsp, whole",1.0,2.0,200,Spices and Herbs
"Spices, fennel seed",Alanine,g,2018,200,0.789,"tsp, whole",1.0,2.0,200,Spices and Herbs
"Spices, fennel seed",Arginine,g,2018,200,0.68,"tsp, whole",1.0,2.0,200,Spices and Herbs
"Spices, fennel seed",Calcium,mg,2018,200,1196.0,"tsp, whole",1.0,2.0,200,Spices and Herbs
"Spices, fennel seed",Carbohydrate,g,2018,200,52.29,"tsp, whole",1.0,2.0,200,Spices and Herbs
"Spices, fennel seed",Cholesterol,mg,2018,200,0.0,"tsp, whole",1.0,2.0,200,Spices and Herbs
"Spices, fennel seed",Copper,mg,2018,200,1.067,"tsp, whole",1.0,2.0,200,Spices and Herbs
"Spices, fennel seed",Cystine,g,2018,200,0.222,"tsp, whole",1.0,2.0,200,Spices and Herbs
"Spices, fennel seed",Aspartic acid,g,2018,200,1.833,"tsp, whole",1.0,2.0,200,Spices and Herbs
"Spices, fennel seed",Energy,kcal,2018,200,345.0,"tsp, whole",1.0,2.0,200,Spices and Herbs
"Spices, fennel seed","Fatty acids, total monounsaturated",g,2018,200,9.91,"tsp, whole",1.0,2.0,200,Spices and Herbs
"Spices, fennel seed","Fatty acids, total polyunsaturated",g,2018,200,1.69,"tsp, whole",1.0,2.0,200,Spices and Herbs
"Spices, fennel seed","Fatty acids, total saturated",g,2018,200,0.48,"tsp, whole",1.0,2.0,200,Spices and Herbs
"Spices, fennel seed",Glutamic acid,g,2018,200,2.956,"tsp, whole",1.0,2.0,200,Spices and Herbs
"Spices, fennel seed",Glycine,g,2018,200,1.107,"tsp, whole",1.0,2.0,200,Spices and Herbs
"Spices, fennel seed",Histidine,g,2018,200,0.331,"tsp, whole",1.0,2.0,200,Spices and Herbs
"Spices, fennel seed",Iron,mg,2018,200,18.54,"tsp, whole",1.0,2.0,200,Spices and Herbs
"Spices, fennel seed",Isoleucine,g,2018,200,0.695,"tsp, whole",1.0,2.0,200,Spices and Herbs
"Spices, fennel seed",Leucine,g,2018,200,0.996,"tsp, whole",1.0,2.0,200,Spices and Herbs
"Spices, fennel seed",Energy,kJ,2018,200,1443.0,"tsp, whole",1.0,2.0,200,Spices and Herbs
"Spices, fennel seed",Lysine,g,2018,200,0.758,"tsp, whole",1.0,2.0,200,Spices and Herbs
"Spices, fenugreek seed",Serine,g,2019,200,1.215,tsp,1.0,3.7,200,Spices and Herbs
"Spices, fenugreek seed",Selenium,µg,2019,200,6.3,tsp,1.0,3.7,200,Spices and Herbs
"Spices, fenugreek seed",Riboflavin,mg,2019,200,0.366,tsp,1.0,3.7,200,Spices and Herbs
"Spices, fenugreek seed",Retinol,µg,2019,200,0.0,tsp,1.0,3.7,200,Spices and Herbs
"Spices, fenugreek seed",Phenylalanine,g,2019,200,1.089,tsp,1.0,3.7,200,Spices and Herbs
"Spices, fenugreek seed",Proline,g,2019,200,1.198,tsp,1.0,3.7,200,Spices and Herbs
"Spices, fenugreek seed",Potassium,mg,2019,200,770.0,tsp,1.0,3.7,200,Spices and Herbs
"Spices, fenugreek seed",Phytosterols,mg,2019,200,140.0,tsp,1.0,3.7,200,Spices and Herbs
"Spices, fenugreek seed",Phosphorus,mg,2019,200,296.0,tsp,1.0,3.7,200,Spices and Herbs
"Spices, fenugreek seed",Sodium,mg,2019,200,67.0,tsp,1.0,3.7,200,Spices and Herbs
"Spices, fenugreek seed",Protein,g,2019,200,23.0,tsp,1.0,3.7,200,Spices and Herbs
"Spices, fenugreek seed",Thiamin,mg,2019,200,0.322,tsp,1.0,3.7,200,Spices and Herbs
"Spices, fenugreek seed",Vitamin D,µg,2019,200,0.0,tsp,1.0,3.7,200,Spices and Herbs
"Spices, fenugreek seed",Total Fiber,g,2019,200,24.6,tsp,1.0,3.7,200,Spices and Herbs
"Spices, fenugreek seed",Total Water,g,2019,200,8.84,tsp,1.0,3.7,200,Spices and Herbs
"Spices, fenugreek seed",Total lipid (fat),g,2019,200,6.41,tsp,1.0,3.7,200,Spices and Herbs
"Spices, fenugreek seed",Tyrosine,g,2019,200,0.764,tsp,1.0,3.7,200,Spices and Herbs
"Spices, fenugreek seed",Valine,g,2019,200,1.102,tsp,1.0,3.7,200,Spices and Herbs
"Spices, fenugreek seed",Vitamin A,µg,2019,200,3.0,tsp,1.0,3.7,200,Spices and Herbs
"Spices, fenugreek seed",Vitamin B-12,µg,2019,200,0.0,tsp,1.0,3.7,200,Spices and Herbs
"Spices, fenugreek seed",Vitamin B-6,mg,2019,200,0.6,tsp,1.0,3.7,200,Spices and Herbs
"Spices, fenugreek seed",Vitamin C,mg,2019,200,3.0,tsp,1.0,3.7,200,Spices and Herbs
"Spices, fenugreek seed",Niacin,mg,2019,200,1.64,tsp,1.0,3.7,200,Spices and Herbs
"Spices, fenugreek seed",Zinc,mg,2019,200,2.5,tsp,1.0,3.7,200,Spices and Herbs
"Spices, fenugreek seed",Threonine,g,2019,200,0.898,tsp,1.0,3.7,200,Spices and Herbs
"Spices, fenugreek seed",Methionine,g,2019,200,0.338,tsp,1.0,3.7,200,Spices and Herbs
"Spices, fenugreek seed",Tryptophan,g,2019,200,0.391,tsp,1.0,3.7,200,Spices and Herbs
"Spices, fenugreek seed",Magnesium,mg,2019,200,191.0,tsp,1.0,3.7,200,Spices and Herbs
"Spices, fenugreek seed",Manganese,mg,2019,200,1.228,tsp,1.0,3.7,200,Spices and Herbs
"Spices, fenugreek seed",Alanine,g,2019,200,1.02,tsp,1.0,3.7,200,Spices and Herbs
"Spices, fenugreek seed",Arginine,g,2019,200,2.465,tsp,1.0,3.7,200,Spices and Herbs
"Spices, fenugreek seed",Ash,g,2019,200,3.4,tsp,1.0,3.7,200,Spices and Herbs
"Spices, fenugreek seed",Aspartic acid,g,2019,200,2.708,tsp,1.0,3.7,200,Spices and Herbs
"Spices, fenugreek seed",Calcium,mg,2019,200,176.0,tsp,1.0,3.7,200,Spices and Herbs
"Spices, fenugreek seed",Cholesterol,mg,2019,200,0.0,tsp,1.0,3.7,200,Spices and Herbs
"Spices, fenugreek seed",Copper,mg,2019,200,1.11,tsp,1.0,3.7,200,Spices and Herbs
"Spices, fenugreek seed",Cystine,g,2019,200,0.369,tsp,1.0,3.7,200,Spices and Herbs
"Spices, fenugreek seed",Energy,kJ,2019,200,1352.0,tsp,1.0,3.7,200,Spices and Herbs
"Spices, fenugreek seed",Energy,kcal,2019,200,323.0,tsp,1.0,3.7,200,Spices and Herbs
"Spices, fenugreek seed","Fatty acids, total saturated",g,2019,200,1.46,tsp,1.0,3.7,200,Spices and Herbs
"Spices, fenugreek seed",Carbohydrate,g,2019,200,58.35,tsp,1.0,3.7,200,Spices and Herbs
"Spices, fenugreek seed",Folate,µg,2019,200,57.0,tsp,1.0,3.7,200,Spices and Herbs
"Spices, fenugreek seed",Lysine,g,2019,200,1.684,tsp,1.0,3.7,200,Spices and Herbs
"Spices, fenugreek seed","Fatty acids, total trans",g,2019,200,0.0,tsp,1.0,3.7,200,Spices and Herbs
"Spices, fenugreek seed",Leucine,g,2019,200,1.757,tsp,1.0,3.7,200,Spices and Herbs
"Spices, fenugreek seed",Isoleucine,g,2019,200,1.241,tsp,1.0,3.7,200,Spices and Herbs
"Spices, fenugreek seed",Histidine,g,2019,200,0.668,tsp,1.0,3.7,200,Spices and Herbs
"Spices, fenugreek seed",Iron,mg,2019,200,33.53,tsp,1.0,3.7,200,Spices and Herbs
"Spices, fenugreek seed",Glutamic acid,g,2019,200,3.988,tsp,1.0,3.7,200,Spices and Herbs
"Spices, fenugreek seed",Folic acid,µg,2019,200,0.0,tsp,1.0,3.7,200,Spices and Herbs
"Spices, fenugreek seed","Folate, food",µg,2019,200,57.0,tsp,1.0,3.7,200,Spices and Herbs
"Spices, fenugreek seed","Folate, DFE",µg,2019,200,57.0,tsp,1.0,3.7,200,Spices and Herbs
"Spices, fenugreek seed",Glycine,g,2019,200,1.306,tsp,1.0,3.7,200,Spices and Herbs
"Spices, garlic powder",Manganese,mg,2020,200,0.979,tsp,1.0,3.1,200,Spices and Herbs
"Spices, garlic powder",Pantothenic Acid,mg,2020,200,0.743,tsp,1.0,3.1,200,Spices and Herbs
"Spices, garlic powder",Methionine,g,2020,200,0.111,tsp,1.0,3.1,200,Spices and Herbs
"Spices, garlic powder",Niacin,mg,2020,200,0.796,tsp,1.0,3.1,200,Spices and Herbs
"Spices, garlic powder",Phenylalanine,g,2020,200,0.525,tsp,1.0,3.1,200,Spices and Herbs
"Spices, garlic powder",Protein,g,2020,200,16.55,tsp,1.0,3.1,200,Spices and Herbs
"Spices, garlic powder",Phytosterols,mg,2020,200,8.0,tsp,1.0,3.1,200,Spices and Herbs
"Spices, garlic powder",Potassium,mg,2020,200,1193.0,tsp,1.0,3.1,200,Spices and Herbs
"Spices, garlic powder",Proline,g,2020,200,1.354,tsp,1.0,3.1,200,Spices and Herbs
"Spices, garlic powder",Retinol,µg,2020,200,0.0,tsp,1.0,3.1,200,Spices and Herbs
"Spices, garlic powder",Maltose,g,2020,200,0.0,tsp,1.0,3.1,200,Spices and Herbs
"Spices, garlic powder",Phosphorus,mg,2020,200,414.0,tsp,1.0,3.1,200,Spices and Herbs
"Spices, garlic powder",Magnesium,mg,2020,200,77.0,tsp,1.0,3.1,200,Spices and Herbs
"Spices, garlic powder",Glucose (dextrose),g,2020,200,0.07,tsp,1.0,3.1,200,Spices and Herbs
"Spices, garlic powder",Lycopene,µg,2020,200,0.0,tsp,1.0,3.1,200,Spices and Herbs
"Spices, garlic powder",Lutein + zeaxanthin,µg,2020,200,0.0,tsp,1.0,3.1,200,Spices and Herbs
"Spices, garlic powder",Leucine,g,2020,200,0.728,tsp,1.0,3.1,200,Spices and Herbs
"Spices, garlic powder",Lactose,g,2020,200,0.0,tsp,1.0,3.1,200,Spices and Herbs
"Spices, garlic powder",Isoleucine,g,2020,200,0.414,tsp,1.0,3.1,200,Spices and Herbs
"Spices, garlic powder",Iron,mg,2020,200,5.65,tsp,1.0,3.1,200,Spices and Herbs
"Spices, garlic powder",Hydroxyproline,g,2020,200,0.0,tsp,1.0,3.1,200,Spices and Herbs
"Spices, garlic powder",Histidine,g,2020,200,0.263,tsp,1.0,3.1,200,Spices and Herbs
"Spices, garlic powder",Glycine,g,2020,200,0.525,tsp,1.0,3.1,200,Spices and Herbs
"Spices, garlic powder",Glutamic acid,g,2020,200,3.658,tsp,1.0,3.1,200,Spices and Herbs
"Spices, garlic powder",Zinc,mg,2020,200,2.99,tsp,1.0,3.1,200,Spices and Herbs
"Spices, garlic powder",Galactose,g,2020,200,0.0,tsp,1.0,3.1,200,Spices and Herbs
"Spices, garlic powder",Fructose,g,2020,200,0.31,tsp,1.0,3.1,200,Spices and Herbs
"Spices, garlic powder",Lysine,g,2020,200,0.768,tsp,1.0,3.1,200,Spices and Herbs
"Spices, garlic powder",Riboflavin,mg,2020,200,0.141,tsp,1.0,3.1,200,Spices and Herbs
"Spices, garlic powder","Tocotrienol, beta",mg,2020,200,0.0,tsp,1.0,3.1,200,Spices and Herbs
"Spices, garlic powder",Serine,g,2020,200,0.505,tsp,1.0,3.1,200,Spices and Herbs
"Spices, garlic powder",Folic acid,µg,2020,200,0.0,tsp,1.0,3.1,200,Spices and Herbs
"Spices, garlic powder",Vitamin K,µg,2020,200,0.4,tsp,1.0,3.1,200,Spices and Herbs
"Spices, garlic powder","Vitamin E, added",mg,2020,200,0.0,tsp,1.0,3.1,200,Spices and Herbs
"Spices, garlic powder",Vitamin E,mg,2020,200,0.67,tsp,1.0,3.1,200,Spices and Herbs
"Spices, garlic powder",Vitamin D,µg,2020,200,0.0,tsp,1.0,3.1,200,Spices and Herbs
"Spices, garlic powder",Vitamin C,mg,2020,200,1.2,tsp,1.0,3.1,200,Spices and Herbs
"Spices, garlic powder",Vitamin B-6,mg,2020,200,1.654,tsp,1.0,3.1,200,Spices and Herbs
"Spices, garlic powder","Vitamin B-12, added",µg,2020,200,0.0,tsp,1.0,3.1,200,Spices and Herbs
"Spices, garlic powder",Vitamin B-12,µg,2020,200,0.0,tsp,1.0,3.1,200,Spices and Herbs
"Spices, garlic powder",Vitamin A,µg,2020,200,0.0,tsp,1.0,3.1,200,Spices and Herbs
"Spices, garlic powder",Valine,g,2020,200,0.667,tsp,1.0,3.1,200,Spices and Herbs
"Spices, garlic powder",Tyrosine,g,2020,200,0.445,tsp,1.0,3.1,200,Spices and Herbs
"Spices, garlic powder",Tryptophan,g,2020,200,0.121,tsp,1.0,3.1,200,Spices and Herbs
"Spices, garlic powder",Selenium,µg,2020,200,23.9,tsp,1.0,3.1,200,Spices and Herbs
"Spices, garlic powder",Total lipid (fat),g,2020,200,0.73,tsp,1.0,3.1,200,Spices and Herbs
"Spices, garlic powder",Total Fiber,g,2020,200,9.0,tsp,1.0,3.1,200,Spices and Herbs
"Spices, garlic powder","Tocotrienol, gamma",mg,2020,200,0.0,tsp,1.0,3.1,200,Spices and Herbs
"Spices, garlic powder","Tocotrienol, delta",mg,2020,200,0.0,tsp,1.0,3.1,200,Spices and Herbs
"Spices, garlic powder","Tocotrienol, alpha",mg,2020,200,0.0,tsp,1.0,3.1,200,Spices and Herbs
"Spices, garlic powder","Tocopherol, gamma",mg,2020,200,0.0,tsp,1.0,3.1,200,Spices and Herbs
"Spices, garlic powder","Tocopherol, delta",mg,2020,200,0.0,tsp,1.0,3.1,200,Spices and Herbs
"Spices, garlic powder","Tocopherol, beta",mg,2020,200,0.0,tsp,1.0,3.1,200,Spices and Herbs
"Spices, garlic powder",Threonine,g,2020,200,0.374,tsp,1.0,3.1,200,Spices and Herbs
"Spices, garlic powder",Thiamin,mg,2020,200,0.435,tsp,1.0,3.1,200,Spices and Herbs
"Spices, garlic powder",Theobromine,mg,2020,200,0.0,tsp,1.0,3.1,200,Spices and Herbs
"Spices, garlic powder","Sugars, total",g,2020,200,2.43,tsp,1.0,3.1,200,Spices and Herbs
"Spices, garlic powder",Sucrose,g,2020,200,2.05,tsp,1.0,3.1,200,Spices and Herbs
"Spices, garlic powder",Sodium,mg,2020,200,60.0,tsp,1.0,3.1,200,Spices and Herbs
"Spices, garlic powder",Total Water,g,2020,200,6.45,tsp,1.0,3.1,200,Spices and Herbs
"Spices, garlic powder","Folate, food",µg,2020,200,47.0,tsp,1.0,3.1,200,Spices and Herbs
"Spices, garlic powder",22:6 n-3 (DHA),g,2020,200,0.0,tsp,1.0,3.1,200,Spices and Herbs
"Spices, garlic powder",Folate,µg,2020,200,47.0,tsp,1.0,3.1,200,Spices and Herbs
"Spices, garlic powder",20:4 undifferentiated,g,2020,200,0.0,tsp,1.0,3.1,200,Spices and Herbs
"Spices, garlic powder",20:3 undifferentiated,g,2020,200,0.0,tsp,1.0,3.1,200,Spices and Herbs
"Spices, garlic powder","20:2 n-6 c,c",g,2020,200,0.022,tsp,1.0,3.1,200,Spices and Herbs
"Spices, garlic powder",20:01,g,2020,200,0.0,tsp,1.0,3.1,200,Spices and Herbs
"Spices, garlic powder",20:00,g,2020,200,0.0,tsp,1.0,3.1,200,Spices and Herbs
"Spices, garlic powder",18:3 undifferentiated,g,2020,200,0.012,tsp,1.0,3.1,200,Spices and Herbs
"Spices, garlic powder","18:3 n-6 c,c,c",g,2020,200,0.0,tsp,1.0,3.1,200,Spices and Herbs
"Spices, garlic powder",18:2 undifferentiated,g,2020,200,0.143,tsp,1.0,3.1,200,Spices and Herbs
"Spices, garlic powder",18:1 undifferentiated,g,2020,200,0.106,tsp,1.0,3.1,200,Spices and Herbs
"Spices, garlic powder",18:1 t,g,2020,200,0.0,tsp,1.0,3.1,200,Spices and Herbs
"Spices, garlic powder",18:1 c,g,2020,200,0.106,tsp,1.0,3.1,200,Spices and Herbs
"Spices, garlic powder",18:04,g,2020,200,0.0,tsp,1.0,3.1,200,Spices and Herbs
"Spices, garlic powder",18:00,g,2020,200,0.105,tsp,1.0,3.1,200,Spices and Herbs
"Spices, garlic powder",17:01,g,2020,200,0.0,tsp,1.0,3.1,200,Spices and Herbs
"Spices, garlic powder",17:00,g,2020,200,0.0,tsp,1.0,3.1,200,Spices and Herbs
"Spices, garlic powder",16:1 undifferentiated,g,2020,200,0.0,tsp,1.0,3.1,200,Spices and Herbs
"Spices, garlic powder",16:00,g,2020,200,0.101,tsp,1.0,3.1,200,Spices and Herbs
"Spices, garlic powder",15:01,g,2020,200,0.0,tsp,1.0,3.1,200,Spices and Herbs
"Spices, garlic powder",15:00,g,2020,200,0.0,tsp,1.0,3.1,200,Spices and Herbs
"Spices, garlic powder",14:01,g,2020,200,0.0,tsp,1.0,3.1,200,Spices and Herbs
"Spices, garlic powder",14:00,g,2020,200,0.015,tsp,1.0,3.1,200,Spices and Herbs
"Spices, garlic powder",13:00,g,2020,200,0.0,tsp,1.0,3.1,200,Spices and Herbs
"Spices, garlic powder",12:00,g,2020,200,0.0,tsp,1.0,3.1,200,Spices and Herbs
"Spices, garlic powder",10:00,g,2020,200,0.0,tsp,1.0,3.1,200,Spices and Herbs
"Spices, garlic powder",08:00,g,2020,200,0.0,tsp,1.0,3.1,200,Spices and Herbs
"Spices, garlic powder",06:00,g,2020,200,0.0,tsp,1.0,3.1,200,Spices and Herbs
"Spices, garlic powder",04:00,g,2020,200,0.0,tsp,1.0,3.1,200,Spices and Herbs
"Spices, garlic powder",20:5 n-3 (EPA),g,2020,200,0.0,tsp,1.0,3.1,200,Spices and Herbs
"Spices, garlic powder",22:00,g,2020,200,0.028,tsp,1.0,3.1,200,Spices and Herbs
"Spices, garlic powder","Folate, DFE",µg,2020,200,47.0,tsp,1.0,3.1,200,Spices and Herbs
"Spices, garlic powder",22:5 n-3 (DPA),g,2020,200,0.0,tsp,1.0,3.1,200,Spices and Herbs
"Spices, garlic powder",22:1 undifferentiated,g,2020,200,0.0,tsp,1.0,3.1,200,Spices and Herbs
"Spices, garlic powder","Fatty acids, total trans-monoenoic",g,2020,200,0.0,tsp,1.0,3.1,200,Spices and Herbs
"Spices, garlic powder","Fatty acids, total trans",g,2020,200,0.0,tsp,1.0,3.1,200,Spices and Herbs
"Spices, garlic powder","Fatty acids, total saturated",g,2020,200,0.249,tsp,1.0,3.1,200,Spices and Herbs
"Spices, garlic powder","Fatty acids, total polyunsaturated",g,2020,200,0.178,tsp,1.0,3.1,200,Spices and Herbs
"Spices, garlic powder","Fatty acids, total monounsaturated",g,2020,200,0.115,tsp,1.0,3.1,200,Spices and Herbs
"Spices, garlic powder",Energy,kcal,2020,200,331.0,tsp,1.0,3.1,200,Spices and Herbs
"Spices, garlic powder",Energy,kJ,2020,200,1386.0,tsp,1.0,3.1,200,Spices and Herbs
"Spices, garlic powder",Cystine,g,2020,200,0.253,tsp,1.0,3.1,200,Spices and Herbs
"Spices, garlic powder","Cryptoxanthin, beta",µg,2020,200,0.0,tsp,1.0,3.1,200,Spices and Herbs
"Spices, garlic powder",Copper,mg,2020,200,0.533,tsp,1.0,3.1,200,Spices and Herbs
"Spices, garlic powder",Choline,mg,2020,200,67.5,tsp,1.0,3.1,200,Spices and Herbs
"Spices, garlic powder",Cholesterol,mg,2020,200,0.0,tsp,1.0,3.1,200,Spices and Herbs
"Spices, garlic powder",Dihydrophylloquinone,µg,2020,200,0.0,tsp,1.0,3.1,200,Spices and Herbs
"Spices, garlic powder","Carotene, alpha",µg,2020,200,0.0,tsp,1.0,3.1,200,Spices and Herbs
"Spices, garlic powder","Carotene, beta",µg,2020,200,0.0,tsp,1.0,3.1,200,Spices and Herbs
"Spices, garlic powder",24:1 c,g,2020,200,0.009,tsp,1.0,3.1,200,Spices and Herbs
"Spices, garlic powder",Alanine,g,2020,200,0.485,tsp,1.0,3.1,200,Spices and Herbs
"Spices, garlic powder",Alcohol,g,2020,200,0.0,tsp,1.0,3.1,200,Spices and Herbs
"Spices, garlic powder",Arginine,g,2020,200,3.365,tsp,1.0,3.1,200,Spices and Herbs
"Spices, garlic powder",Ash,g,2020,200,3.54,tsp,1.0,3.1,200,Spices and Herbs
"Spices, garlic powder",Alpha-Linolenic Acid,g,2020,200,0.012,tsp,1.0,3.1,200,Spices and Herbs
"Spices, garlic powder",24:00:00,g,2020,200,0.0,tsp,1.0,3.1,200,Spices and Herbs
"Spices, garlic powder",Betaine,mg,2020,200,6.1,tsp,1.0,3.1,200,Spices and Herbs
"Spices, garlic powder",Caffeine,mg,2020,200,0.0,tsp,1.0,3.1,200,Spices and Herbs
"Spices, garlic powder",Calcium,mg,2020,200,79.0,tsp,1.0,3.1,200,Spices and Herbs
"Spices, garlic powder",Carbohydrate,g,2020,200,72.73,tsp,1.0,3.1,200,Spices and Herbs
"Spices, garlic powder",Aspartic acid,g,2020,200,1.89,tsp,1.0,3.1,200,Spices and Herbs
"Spices, ginger, ground",Phenylalanine,g,2021,200,0.311,tsp,1.0,1.8,200,Spices and Herbs
"Spices, ginger, ground",Methionine,g,2021,200,0.089,tsp,1.0,1.8,200,Spices and Herbs
"Spices, ginger, ground",Niacin,mg,2021,200,9.62,tsp,1.0,1.8,200,Spices and Herbs
"Spices, ginger, ground",Pantothenic Acid,mg,2021,200,0.477,tsp,1.0,1.8,200,Spices and Herbs
"Spices, ginger, ground",Phosphorus,mg,2021,200,168.0,tsp,1.0,1.8,200,Spices and Herbs
"Spices, ginger, ground",Riboflavin,mg,2021,200,0.17,tsp,1.0,1.8,200,Spices and Herbs
"Spices, ginger, ground",Potassium,mg,2021,200,1320.0,tsp,1.0,1.8,200,Spices and Herbs
"Spices, ginger, ground",Proline,g,2021,200,0.334,tsp,1.0,1.8,200,Spices and Herbs
"Spices, ginger, ground",Protein,g,2021,200,8.98,tsp,1.0,1.8,200,Spices and Herbs
"Spices, ginger, ground",Retinol,µg,2021,200,0.0,tsp,1.0,1.8,200,Spices and Herbs
"Spices, ginger, ground",Manganese,mg,2021,200,33.3,tsp,1.0,1.8,200,Spices and Herbs
"Spices, ginger, ground",Phytosterols,mg,2021,200,83.0,tsp,1.0,1.8,200,Spices and Herbs
"Spices, ginger, ground",Maltose,g,2021,200,0.0,tsp,1.0,1.8,200,Spices and Herbs
"Spices, ginger, ground",Fructose,g,2021,200,1.78,tsp,1.0,1.8,200,Spices and Herbs
"Spices, ginger, ground",Lycopene,µg,2021,200,0.0,tsp,1.0,1.8,200,Spices and Herbs
"Spices, ginger, ground",Lutein + zeaxanthin,µg,2021,200,0.0,tsp,1.0,1.8,200,Spices and Herbs
"Spices, ginger, ground",Leucine,g,2021,200,0.513,tsp,1.0,1.8,200,Spices and Herbs
"Spices, ginger, ground",Lactose,g,2021,200,0.0,tsp,1.0,1.8,200,Spices and Herbs
"Spices, ginger, ground",Isoleucine,g,2021,200,0.341,tsp,1.0,1.8,200,Spices and Herbs
"Spices, ginger, ground",Iron,mg,2021,200,19.8,tsp,1.0,1.8,200,Spices and Herbs
"Spices, ginger, ground",Hydroxyproline,g,2021,200,0.0,tsp,1.0,1.8,200,Spices and Herbs
"Spices, ginger, ground",Histidine,g,2021,200,0.199,tsp,1.0,1.8,200,Spices and Herbs
"Spices, ginger, ground",Glycine,g,2021,200,0.497,tsp,1.0,1.8,200,Spices and Herbs
"Spices, ginger, ground",Glutamic acid,g,2021,200,0.79,tsp,1.0,1.8,200,Spices and Herbs
"Spices, ginger, ground",Glucose (dextrose),g,2021,200,1.22,tsp,1.0,1.8,200,Spices and Herbs
"Spices, ginger, ground",Galactose,g,2021,200,0.19,tsp,1.0,1.8,200,Spices and Herbs
"Spices, ginger, ground",Selenium,µg,2021,200,55.8,tsp,1.0,1.8,200,Spices and Herbs
"Spices, ginger, ground",Magnesium,mg,2021,200,214.0,tsp,1.0,1.8,200,Spices and Herbs
"Spices, ginger, ground",Serine,g,2021,200,0.25,tsp,1.0,1.8,200,Spices and Herbs
"Spices, ginger, ground",Total Fiber,g,2021,200,14.1,tsp,1.0,1.8,200,Spices and Herbs
"Spices, ginger, ground",Sucrose,g,2021,200,0.2,tsp,1.0,1.8,200,Spices and Herbs
"Spices, ginger, ground",Folic acid,µg,2021,200,0.0,tsp,1.0,1.8,200,Spices and Herbs
"Spices, ginger, ground",Zinc,mg,2021,200,3.64,tsp,1.0,1.8,200,Spices and Herbs
"Spices, ginger, ground",Vitamin K,µg,2021,200,0.8,tsp,1.0,1.8,200,Spices and Herbs
"Spices, ginger, ground","Vitamin E, added",mg,2021,200,0.0,tsp,1.0,1.8,200,Spices and Herbs
"Spices, ginger, ground",Vitamin E,mg,2021,200,0.0,tsp,1.0,1.8,200,Spices and Herbs
"Spices, ginger, ground",Vitamin D,µg,2021,200,0.0,tsp,1.0,1.8,200,Spices and Herbs
"Spices, ginger, ground",Vitamin C,mg,2021,200,0.7,tsp,1.0,1.8,200,Spices and Herbs
"Spices, ginger, ground",Vitamin B-6,mg,2021,200,0.626,tsp,1.0,1.8,200,Spices and Herbs
"Spices, ginger, ground","Vitamin B-12, added",µg,2021,200,0.0,tsp,1.0,1.8,200,Spices and Herbs
"Spices, ginger, ground",Vitamin B-12,µg,2021,200,0.0,tsp,1.0,1.8,200,Spices and Herbs
"Spices, ginger, ground",Vitamin A,µg,2021,200,2.0,tsp,1.0,1.8,200,Spices and Herbs
"Spices, ginger, ground",Valine,g,2021,200,0.411,tsp,1.0,1.8,200,Spices and Herbs
"Spices, ginger, ground",Tyrosine,g,2021,200,0.243,tsp,1.0,1.8,200,Spices and Herbs
"Spices, ginger, ground",Tryptophan,g,2021,200,0.152,tsp,1.0,1.8,200,Spices and Herbs
"Spices, ginger, ground",Total lipid (fat),g,2021,200,4.24,tsp,1.0,1.8,200,Spices and Herbs
"Spices, ginger, ground",Total Water,g,2021,200,9.94,tsp,1.0,1.8,200,Spices and Herbs
"Spices, ginger, ground","Tocotrienol, gamma",mg,2021,200,0.0,tsp,1.0,1.8,200,Spices and Herbs
"Spices, ginger, ground","Tocotrienol, delta",mg,2021,200,0.0,tsp,1.0,1.8,200,Spices and Herbs
"Spices, ginger, ground","Tocotrienol, beta",mg,2021,200,0.0,tsp,1.0,1.8,200,Spices and Herbs
"Spices, ginger, ground","Tocotrienol, alpha",mg,2021,200,0.0,tsp,1.0,1.8,200,Spices and Herbs
"Spices, ginger, ground","Tocopherol, gamma",mg,2021,200,3.01,tsp,1.0,1.8,200,Spices and Herbs
"Spices, ginger, ground","Tocopherol, delta",mg,2021,200,0.0,tsp,1.0,1.8,200,Spices and Herbs
"Spices, ginger, ground","Tocopherol, beta",mg,2021,200,0.0,tsp,1.0,1.8,200,Spices and Herbs
"Spices, ginger, ground",Threonine,g,2021,200,0.289,tsp,1.0,1.8,200,Spices and Herbs
"Spices, ginger, ground",Thiamin,mg,2021,200,0.046,tsp,1.0,1.8,200,Spices and Herbs
"Spices, ginger, ground",Theobromine,mg,2021,200,0.0,tsp,1.0,1.8,200,Spices and Herbs
"Spices, ginger, ground","Sugars, total",g,2021,200,3.39,tsp,1.0,1.8,200,Spices and Herbs
"Spices, ginger, ground",Sodium,mg,2021,200,27.0,tsp,1.0,1.8,200,Spices and Herbs
"Spices, ginger, ground","Folate, food",µg,2021,200,13.0,tsp,1.0,1.8,200,Spices and Herbs
"Spices, ginger, ground",Lysine,g,2021,200,0.241,tsp,1.0,1.8,200,Spices and Herbs
"Spices, ginger, ground",Folate,µg,2021,200,13.0,tsp,1.0,1.8,200,Spices and Herbs
"Spices, ginger, ground",20:5 n-3 (EPA),g,2021,200,0.0,tsp,1.0,1.8,200,Spices and Herbs
"Spices, ginger, ground",20:4 undifferentiated,g,2021,200,0.0,tsp,1.0,1.8,200,Spices and Herbs
"Spices, ginger, ground",20:3 undifferentiated,g,2021,200,0.0,tsp,1.0,1.8,200,Spices and Herbs
"Spices, ginger, ground","20:2 n-6 c,c",g,2021,200,0.0,tsp,1.0,1.8,200,Spices and Herbs
"Spices, ginger, ground",20:01,g,2021,200,0.0,tsp,1.0,1.8,200,Spices and Herbs
"Spices, ginger, ground",20:00,g,2021,200,0.0,tsp,1.0,1.8,200,Spices and Herbs
"Spices, ginger, ground",18:3 undifferentiated,g,2021,200,0.223,tsp,1.0,1.8,200,Spices and Herbs
"Spices, ginger, ground","18:3 n-6 c,c,c",g,2021,200,0.0,tsp,1.0,1.8,200,Spices and Herbs
"Spices, ginger, ground",18:2 undifferentiated,g,2021,200,0.706,tsp,1.0,1.8,200,Spices and Herbs
"Spices, ginger, ground",18:1 undifferentiated,g,2021,200,0.357,tsp,1.0,1.8,200,Spices and Herbs
"Spices, ginger, ground",18:1 t,g,2021,200,0.0,tsp,1.0,1.8,200,Spices and Herbs
"Spices, ginger, ground",18:04,g,2021,200,0.0,tsp,1.0,1.8,200,Spices and Herbs
"Spices, ginger, ground",18:00,g,2021,200,0.227,tsp,1.0,1.8,200,Spices and Herbs
"Spices, ginger, ground",22:00,g,2021,200,0.0,tsp,1.0,1.8,200,Spices and Herbs
"Spices, ginger, ground",17:01,g,2021,200,0.016,tsp,1.0,1.8,200,Spices and Herbs
"Spices, ginger, ground",16:1 undifferentiated,g,2021,200,0.036,tsp,1.0,1.8,200,Spices and Herbs
"Spices, ginger, ground",16:00,g,2021,200,0.574,tsp,1.0,1.8,200,Spices and Herbs
"Spices, ginger, ground",15:01,g,2021,200,0.0,tsp,1.0,1.8,200,Spices and Herbs
"Spices, ginger, ground",15:00,g,2021,200,0.0,tsp,1.0,1.8,200,Spices and Herbs
"Spices, ginger, ground",14:01,g,2021,200,0.032,tsp,1.0,1.8,200,Spices and Herbs
"Spices, ginger, ground",14:00,g,2021,200,0.044,tsp,1.0,1.8,200,Spices and Herbs
"Spices, ginger, ground",13:00,g,2021,200,0.0,tsp,1.0,1.8,200,Spices and Herbs
"Spices, ginger, ground",12:00,g,2021,200,0.068,tsp,1.0,1.8,200,Spices and Herbs
"Spices, ginger, ground",10:00,g,2021,200,1.56,tsp,1.0,1.8,200,Spices and Herbs
"Spices, ginger, ground",08:00,g,2021,200,0.0,tsp,1.0,1.8,200,Spices and Herbs
"Spices, ginger, ground",06:00,g,2021,200,0.027,tsp,1.0,1.8,200,Spices and Herbs
"Spices, ginger, ground",04:00,g,2021,200,0.0,tsp,1.0,1.8,200,Spices and Herbs
"Spices, ginger, ground","Folate, DFE",µg,2021,200,13.0,tsp,1.0,1.8,200,Spices and Herbs
"Spices, ginger, ground",17:00,g,2021,200,0.0,tsp,1.0,1.8,200,Spices and Herbs
"Spices, ginger, ground",22:1 undifferentiated,g,2021,200,0.037,tsp,1.0,1.8,200,Spices and Herbs
"Spices, ginger, ground",18:1 c,g,2021,200,0.357,tsp,1.0,1.8,200,Spices and Herbs
"Spices, ginger, ground",22:6 n-3 (DHA),g,2021,200,0.0,tsp,1.0,1.8,200,Spices and Herbs
"Spices, ginger, ground","Fatty acids, total trans-monoenoic",g,2021,200,0.0,tsp,1.0,1.8,200,Spices and Herbs
"Spices, ginger, ground",22:5 n-3 (DPA),g,2021,200,0.0,tsp,1.0,1.8,200,Spices and Herbs
"Spices, ginger, ground","Fatty acids, total saturated",g,2021,200,2.599,tsp,1.0,1.8,200,Spices and Herbs
"Spices, ginger, ground","Fatty acids, total polyunsaturated",g,2021,200,0.929,tsp,1.0,1.8,200,Spices and Herbs
"Spices, ginger, ground","Fatty acids, total monounsaturated",g,2021,200,0.479,tsp,1.0,1.8,200,Spices and Herbs
"Spices, ginger, ground",Energy,kcal,2021,200,335.0,tsp,1.0,1.8,200,Spices and Herbs
"Spices, ginger, ground",Energy,kJ,2021,200,1404.0,tsp,1.0,1.8,200,Spices and Herbs
"Spices, ginger, ground",Dihydrophylloquinone,µg,2021,200,2.4,tsp,1.0,1.8,200,Spices and Herbs
"Spices, ginger, ground",Cystine,g,2021,200,0.099,tsp,1.0,1.8,200,Spices and Herbs
"Spices, ginger, ground","Cryptoxanthin, beta",µg,2021,200,0.0,tsp,1.0,1.8,200,Spices and Herbs
"Spices, ginger, ground",Copper,mg,2021,200,0.48,tsp,1.0,1.8,200,Spices and Herbs
"Spices, ginger, ground",Choline,mg,2021,200,41.2,tsp,1.0,1.8,200,Spices and Herbs
"Spices, ginger, ground",Cholesterol,mg,2021,200,0.0,tsp,1.0,1.8,200,Spices and Herbs
"Spices, ginger, ground","Carotene, beta",µg,2021,200,18.0,tsp,1.0,1.8,200,Spices and Herbs
"Spices, ginger, ground","Fatty acids, total trans",g,2021,200,0.0,tsp,1.0,1.8,200,Spices and Herbs
"Spices, ginger, ground","Carotene, alpha",µg,2021,200,0.0,tsp,1.0,1.8,200,Spices and Herbs
"Spices, ginger, ground",24:00:00,g,2021,200,0.0,tsp,1.0,1.8,200,Spices and Herbs
"Spices, ginger, ground",Alanine,g,2021,200,0.272,tsp,1.0,1.8,200,Spices and Herbs
"Spices, ginger, ground",Alcohol,g,2021,200,0.0,tsp,1.0,1.8,200,Spices and Herbs
"Spices, ginger, ground",Alpha-Linolenic Acid,g,2021,200,0.223,tsp,1.0,1.8,200,Spices and Herbs
"Spices, ginger, ground",Arginine,g,2021,200,0.708,tsp,1.0,1.8,200,Spices and Herbs
"Spices, ginger, ground",Ash,g,2021,200,5.22,tsp,1.0,1.8,200,Spices and Herbs
"Spices, ginger, ground",24:1 c,g,2021,200,0.0,tsp,1.0,1.8,200,Spices and Herbs
"Spices, ginger, ground",Betaine,mg,2021,200,3.4,tsp,1.0,1.8,200,Spices and Herbs
"Spices, ginger, ground",Caffeine,mg,2021,200,0.0,tsp,1.0,1.8,200,Spices and Herbs
"Spices, ginger, ground",Calcium,mg,2021,200,114.0,tsp,1.0,1.8,200,Spices and Herbs
"Spices, ginger, ground",Carbohydrate,g,2021,200,71.62,tsp,1.0,1.8,200,Spices and Herbs
"Spices, ginger, ground",Aspartic acid,g,2021,200,1.387,tsp,1.0,1.8,200,Spices and Herbs
"Spices, mace, ground",Potassium,mg,2022,200,463.0,tsp,1.0,1.7,200,Spices and Herbs
"Spices, mace, ground",Phytosterols,mg,2022,200,73.0,tsp,1.0,1.7,200,Spices and Herbs
"Spices, mace, ground",Phosphorus,mg,2022,200,110.0,tsp,1.0,1.7,200,Spices and Herbs
"Spices, mace, ground",Niacin,mg,2022,200,1.35,tsp,1.0,1.7,200,Spices and Herbs
"Spices, mace, ground",Manganese,mg,2022,200,1.5,tsp,1.0,1.7,200,Spices and Herbs
"Spices, mace, ground",Iron,mg,2022,200,13.9,tsp,1.0,1.7,200,Spices and Herbs
"Spices, mace, ground",Folic acid,µg,2022,200,0.0,tsp,1.0,1.7,200,Spices and Herbs
"Spices, mace, ground","Folate, food",µg,2022,200,76.0,tsp,1.0,1.7,200,Spices and Herbs
"Spices, mace, ground","Folate, DFE",µg,2022,200,76.0,tsp,1.0,1.7,200,Spices and Herbs
"Spices, mace, ground",Protein,g,2022,200,6.71,tsp,1.0,1.7,200,Spices and Herbs
"Spices, mace, ground",Folate,µg,2022,200,76.0,tsp,1.0,1.7,200,Spices and Herbs
"Spices, mace, ground",Magnesium,mg,2022,200,163.0,tsp,1.0,1.7,200,Spices and Herbs
"Spices, mace, ground",Retinol,µg,2022,200,0.0,tsp,1.0,1.7,200,Spices and Herbs
"Spices, mace, ground",Total Fiber,g,2022,200,20.2,tsp,1.0,1.7,200,Spices and Herbs
"Spices, mace, ground",Selenium,µg,2022,200,2.7,tsp,1.0,1.7,200,Spices and Herbs
"Spices, mace, ground",Sodium,mg,2022,200,80.0,tsp,1.0,1.7,200,Spices and Herbs
"Spices, mace, ground",Theobromine,mg,2022,200,0.0,tsp,1.0,1.7,200,Spices and Herbs
"Spices, mace, ground",Thiamin,mg,2022,200,0.312,tsp,1.0,1.7,200,Spices and Herbs
"Spices, mace, ground",Zinc,mg,2022,200,2.3,tsp,1.0,1.7,200,Spices and Herbs
"Spices, mace, ground",Total Water,g,2022,200,8.17,tsp,1.0,1.7,200,Spices and Herbs
"Spices, mace, ground",Total lipid (fat),g,2022,200,32.38,tsp,1.0,1.7,200,Spices and Herbs
"Spices, mace, ground",Vitamin A,µg,2022,200,40.0,tsp,1.0,1.7,200,Spices and Herbs
"Spices, mace, ground",Vitamin B-12,µg,2022,200,0.0,tsp,1.0,1.7,200,Spices and Herbs
"Spices, mace, ground",Vitamin B-6,mg,2022,200,0.16,tsp,1.0,1.7,200,Spices and Herbs
"Spices, mace, ground",Vitamin C,mg,2022,200,21.0,tsp,1.0,1.7,200,Spices and Herbs
"Spices, mace, ground",Vitamin D,µg,2022,200,0.0,tsp,1.0,1.7,200,Spices and Herbs
"Spices, mace, ground","Fatty acids, total saturated",g,2022,200,9.51,tsp,1.0,1.7,200,Spices and Herbs
"Spices, mace, ground",Riboflavin,mg,2022,200,0.448,tsp,1.0,1.7,200,Spices and Herbs
"Spices, mace, ground","Fatty acids, total polyunsaturated",g,2022,200,4.39,tsp,1.0,1.7,200,Spices and Herbs
"Spices, mace, ground",20:5 n-3 (EPA),g,2022,200,0.0,tsp,1.0,1.7,200,Spices and Herbs
"Spices, mace, ground",Energy,kcal,2022,200,475.0,tsp,1.0,1.7,200,Spices and Herbs
"Spices, mace, ground","Fatty acids, total monounsaturated",g,2022,200,11.17,tsp,1.0,1.7,200,Spices and Herbs
"Spices, mace, ground",04:00,g,2022,200,0.0,tsp,1.0,1.7,200,Spices and Herbs
"Spices, mace, ground",06:00,g,2022,200,0.0,tsp,1.0,1.7,200,Spices and Herbs
"Spices, mace, ground",08:00,g,2022,200,0.0,tsp,1.0,1.7,200,Spices and Herbs
"Spices, mace, ground",10:00,g,2022,200,0.0,tsp,1.0,1.7,200,Spices and Herbs
"Spices, mace, ground",12:00,g,2022,200,0.0,tsp,1.0,1.7,200,Spices and Herbs
"Spices, mace, ground",16:00,g,2022,200,7.69,tsp,1.0,1.7,200,Spices and Herbs
"Spices, mace, ground",16:1 undifferentiated,g,2022,200,0.58,tsp,1.0,1.7,200,Spices and Herbs
"Spices, mace, ground",18:00,g,2022,200,0.43,tsp,1.0,1.7,200,Spices and Herbs
"Spices, mace, ground",18:04,g,2022,200,0.0,tsp,1.0,1.7,200,Spices and Herbs
"Spices, mace, ground",18:1 undifferentiated,g,2022,200,10.59,tsp,1.0,1.7,200,Spices and Herbs
"Spices, mace, ground",18:2 undifferentiated,g,2022,200,4.31,tsp,1.0,1.7,200,Spices and Herbs
"Spices, mace, ground",18:3 undifferentiated,g,2022,200,0.08,tsp,1.0,1.7,200,Spices and Herbs
"Spices, mace, ground",14:00,g,2022,200,0.93,tsp,1.0,1.7,200,Spices and Herbs
"Spices, mace, ground",20:4 undifferentiated,g,2022,200,0.0,tsp,1.0,1.7,200,Spices and Herbs
"Spices, mace, ground",Energy,kJ,2022,200,1989.0,tsp,1.0,1.7,200,Spices and Herbs
"Spices, mace, ground",20:01,g,2022,200,0.0,tsp,1.0,1.7,200,Spices and Herbs
"Spices, mace, ground",Copper,mg,2022,200,2.467,tsp,1.0,1.7,200,Spices and Herbs
"Spices, mace, ground",Cholesterol,mg,2022,200,0.0,tsp,1.0,1.7,200,Spices and Herbs
"Spices, mace, ground",Calcium,mg,2022,200,252.0,tsp,1.0,1.7,200,Spices and Herbs
"Spices, mace, ground",Caffeine,mg,2022,200,0.0,tsp,1.0,1.7,200,Spices and Herbs
"Spices, mace, ground",Carbohydrate,g,2022,200,50.5,tsp,1.0,1.7,200,Spices and Herbs
"Spices, mace, ground",Ash,g,2022,200,2.23,tsp,1.0,1.7,200,Spices and Herbs
"Spices, mace, ground",Alcohol,g,2022,200,0.0,tsp,1.0,1.7,200,Spices and Herbs
"Spices, mace, ground",22:6 n-3 (DHA),g,2022,200,0.0,tsp,1.0,1.7,200,Spices and Herbs
"Spices, mace, ground",22:5 n-3 (DPA),g,2022,200,0.0,tsp,1.0,1.7,200,Spices and Herbs
"Spices, mace, ground",22:1 undifferentiated,g,2022,200,0.0,tsp,1.0,1.7,200,Spices and Herbs
"Spices, marjoram, dried",Niacin,mg,2023,200,4.12,tsp,1.0,0.6,200,Spices and Herbs
"Spices, marjoram, dried",Protein,g,2023,200,12.66,tsp,1.0,0.6,200,Spices and Herbs
"Spices, marjoram, dried",Potassium,mg,2023,200,1522.0,tsp,1.0,0.6,200,Spices and Herbs
"Spices, marjoram, dried",Phytosterols,mg,2023,200,60.0,tsp,1.0,0.6,200,Spices and Herbs
"Spices, marjoram, dried",Phosphorus,mg,2023,200,306.0,tsp,1.0,0.6,200,Spices and Herbs
"Spices, marjoram, dried",Retinol,µg,2023,200,0.0,tsp,1.0,0.6,200,Spices and Herbs
"Spices, marjoram, dried",Manganese,mg,2023,200,5.433,tsp,1.0,0.6,200,Spices and Herbs
"Spices, marjoram, dried",Zinc,mg,2023,200,3.6,tsp,1.0,0.6,200,Spices and Herbs
"Spices, marjoram, dried",Lycopene,µg,2023,200,0.0,tsp,1.0,0.6,200,Spices and Herbs
"Spices, marjoram, dried",Lutein + zeaxanthin,µg,2023,200,1895.0,tsp,1.0,0.6,200,Spices and Herbs
"Spices, marjoram, dried",Iron,mg,2023,200,82.71,tsp,1.0,0.6,200,Spices and Herbs
"Spices, marjoram, dried","Folate, food",µg,2023,200,274.0,tsp,1.0,0.6,200,Spices and Herbs
"Spices, marjoram, dried","Folate, DFE",µg,2023,200,274.0,tsp,1.0,0.6,200,Spices and Herbs
"Spices, marjoram, dried",Riboflavin,mg,2023,200,0.316,tsp,1.0,0.6,200,Spices and Herbs
"Spices, marjoram, dried",Magnesium,mg,2023,200,346.0,tsp,1.0,0.6,200,Spices and Herbs
"Spices, marjoram, dried",Selenium,µg,2023,200,4.5,tsp,1.0,0.6,200,Spices and Herbs
"Spices, marjoram, dried",Vitamin E,mg,2023,200,1.69,tsp,1.0,0.6,200,Spices and Herbs
"Spices, marjoram, dried","Sugars, total",g,2023,200,4.09,tsp,1.0,0.6,200,Spices and Herbs
"Spices, marjoram, dried",Folate,µg,2023,200,274.0,tsp,1.0,0.6,200,Spices and Herbs
"Spices, marjoram, dried",Vitamin K,µg,2023,200,621.7,tsp,1.0,0.6,200,Spices and Herbs
"Spices, marjoram, dried","Vitamin E, added",mg,2023,200,0.0,tsp,1.0,0.6,200,Spices and Herbs
"Spices, marjoram, dried",Vitamin D,µg,2023,200,0.0,tsp,1.0,0.6,200,Spices and Herbs
"Spices, marjoram, dried",Vitamin C,mg,2023,200,51.4,tsp,1.0,0.6,200,Spices and Herbs
"Spices, marjoram, dried",Vitamin B-6,mg,2023,200,1.19,tsp,1.0,0.6,200,Spices and Herbs
"Spices, marjoram, dried",Sodium,mg,2023,200,77.0,tsp,1.0,0.6,200,Spices and Herbs
"Spices, marjoram, dried","Vitamin B-12, added",µg,2023,200,0.0,tsp,1.0,0.6,200,Spices and Herbs
"Spices, marjoram, dried",Vitamin A,µg,2023,200,403.0,tsp,1.0,0.6,200,Spices and Herbs
"Spices, marjoram, dried",Total lipid (fat),g,2023,200,7.04,tsp,1.0,0.6,200,Spices and Herbs
"Spices, marjoram, dried",Total Water,g,2023,200,7.64,tsp,1.0,0.6,200,Spices and Herbs
"Spices, marjoram, dried",Total Fiber,g,2023,200,40.3,tsp,1.0,0.6,200,Spices and Herbs
"Spices, marjoram, dried",Thiamin,mg,2023,200,0.289,tsp,1.0,0.6,200,Spices and Herbs
"Spices, marjoram, dried",Theobromine,mg,2023,200,0.0,tsp,1.0,0.6,200,Spices and Herbs
"Spices, marjoram, dried",Vitamin B-12,µg,2023,200,0.0,tsp,1.0,0.6,200,Spices and Herbs
"Spices, marjoram, dried","Fatty acids, total trans",g,2023,200,0.0,tsp,1.0,0.6,200,Spices and Herbs
"Spices, marjoram, dried",Folic acid,µg,2023,200,0.0,tsp,1.0,0.6,200,Spices and Herbs
"Spices, marjoram, dried","Fatty acids, total polyunsaturated",g,2023,200,4.405,tsp,1.0,0.6,200,Spices and Herbs
"Spices, marjoram, dried",20:01,g,2023,200,0.0,tsp,1.0,0.6,200,Spices and Herbs
"Spices, marjoram, dried",18:3 undifferentiated,g,2023,200,3.23,tsp,1.0,0.6,200,Spices and Herbs
"Spices, marjoram, dried",18:2 undifferentiated,g,2023,200,1.175,tsp,1.0,0.6,200,Spices and Herbs
"Spices, marjoram, dried",18:1 undifferentiated,g,2023,200,0.94,tsp,1.0,0.6,200,Spices and Herbs
"Spices, marjoram, dried",18:04,g,2023,200,0.0,tsp,1.0,0.6,200,Spices and Herbs
"Spices, marjoram, dried",18:00,g,2023,200,0.235,tsp,1.0,0.6,200,Spices and Herbs
"Spices, marjoram, dried",20:4 undifferentiated,g,2023,200,0.0,tsp,1.0,0.6,200,Spices and Herbs
"Spices, marjoram, dried",16:1 undifferentiated,g,2023,200,0.0,tsp,1.0,0.6,200,Spices and Herbs
"Spices, marjoram, dried",14:00,g,2023,200,0.0,tsp,1.0,0.6,200,Spices and Herbs
"Spices, marjoram, dried",12:00,g,2023,200,0.0,tsp,1.0,0.6,200,Spices and Herbs
"Spices, marjoram, dried",10:00,g,2023,200,0.0,tsp,1.0,0.6,200,Spices and Herbs
"Spices, marjoram, dried",06:00,g,2023,200,0.0,tsp,1.0,0.6,200,Spices and Herbs
"Spices, marjoram, dried",04:00,g,2023,200,0.0,tsp,1.0,0.6,200,Spices and Herbs
"Spices, marjoram, dried","Fatty acids, total saturated",g,2023,200,0.529,tsp,1.0,0.6,200,Spices and Herbs
"Spices, marjoram, dried",16:00,g,2023,200,0.294,tsp,1.0,0.6,200,Spices and Herbs
"Spices, marjoram, dried",20:5 n-3 (EPA),g,2023,200,0.0,tsp,1.0,0.6,200,Spices and Herbs
"Spices, marjoram, dried",08:00,g,2023,200,0.0,tsp,1.0,0.6,200,Spices and Herbs
"Spices, marjoram, dried",22:5 n-3 (DPA),g,2023,200,0.0,tsp,1.0,0.6,200,Spices and Herbs
"Spices, marjoram, dried","Fatty acids, total monounsaturated",g,2023,200,0.94,tsp,1.0,0.6,200,Spices and Herbs
"Spices, marjoram, dried",22:1 undifferentiated,g,2023,200,0.0,tsp,1.0,0.6,200,Spices and Herbs
"Spices, marjoram, dried",Energy,kcal,2023,200,271.0,tsp,1.0,0.6,200,Spices and Herbs
"Spices, marjoram, dried","Cryptoxanthin, beta",µg,2023,200,70.0,tsp,1.0,0.6,200,Spices and Herbs
"Spices, marjoram, dried",Copper,mg,2023,200,1.133,tsp,1.0,0.6,200,Spices and Herbs
"Spices, marjoram, dried",Choline,mg,2023,200,43.6,tsp,1.0,0.6,200,Spices and Herbs
"Spices, marjoram, dried",Cholesterol,mg,2023,200,0.0,tsp,1.0,0.6,200,Spices and Herbs
"Spices, marjoram, dried",Energy,kJ,2023,200,1136.0,tsp,1.0,0.6,200,Spices and Herbs
"Spices, marjoram, dried","Carotene, alpha",µg,2023,200,0.0,tsp,1.0,0.6,200,Spices and Herbs
"Spices, marjoram, dried",Carbohydrate,g,2023,200,60.56,tsp,1.0,0.6,200,Spices and Herbs
"Spices, marjoram, dried",Calcium,mg,2023,200,1990.0,tsp,1.0,0.6,200,Spices and Herbs
"Spices, marjoram, dried",Caffeine,mg,2023,200,0.0,tsp,1.0,0.6,200,Spices and Herbs
"Spices, marjoram, dried",22:6 n-3 (DHA),g,2023,200,0.0,tsp,1.0,0.6,200,Spices and Herbs
"Spices, marjoram, dried",Ash,g,2023,200,12.1,tsp,1.0,0.6,200,Spices and Herbs
"Spices, marjoram, dried","Carotene, beta",µg,2023,200,4806.0,tsp,1.0,0.6,200,Spices and Herbs
"Spices, marjoram, dried",Alcohol,g,2023,200,0.0,tsp,1.0,0.6,200,Spices and Herbs
"Spices, mustard seed, ground",Manganese,mg,2024,200,2.448,tsp,1.0,2.0,200,Spices and Herbs
"Spices, mustard seed, ground",Methionine,g,2024,200,0.483,tsp,1.0,2.0,200,Spices and Herbs
"Spices, mustard seed, ground",Niacin,mg,2024,200,4.733,tsp,1.0,2.0,200,Spices and Herbs
"Spices, mustard seed, ground",Pantothenic Acid,mg,2024,200,0.81,tsp,1.0,2.0,200,Spices and Herbs
"Spices, mustard seed, ground",Phytosterols,mg,2024,200,118.0,tsp,1.0,2.0,200,Spices and Herbs
"Spices, mustard seed, ground",Phosphorus,mg,2024,200,828.0,tsp,1.0,2.0,200,Spices and Herbs
"Spices, mustard seed, ground",Potassium,mg,2024,200,738.0,tsp,1.0,2.0,200,Spices and Herbs
"Spices, mustard seed, ground",Proline,g,2024,200,2.81,tsp,1.0,2.0,200,Spices and Herbs
"Spices, mustard seed, ground",Protein,g,2024,200,26.08,tsp,1.0,2.0,200,Spices and Herbs
"Spices, mustard seed, ground",Maltose,g,2024,200,0.0,tsp,1.0,2.0,200,Spices and Herbs
"Spices, mustard seed, ground",Retinol,µg,2024,200,0.0,tsp,1.0,2.0,200,Spices and Herbs
"Spices, mustard seed, ground",Phenylalanine,g,2024,200,1.173,tsp,1.0,2.0,200,Spices and Herbs
"Spices, mustard seed, ground",Magnesium,mg,2024,200,370.0,tsp,1.0,2.0,200,Spices and Herbs
"Spices, mustard seed, ground",Iron,mg,2024,200,9.21,tsp,1.0,2.0,200,Spices and Herbs
"Spices, mustard seed, ground",Lycopene,µg,2024,200,0.0,tsp,1.0,2.0,200,Spices and Herbs
"Spices, mustard seed, ground",Lutein + zeaxanthin,µg,2024,200,568.0,tsp,1.0,2.0,200,Spices and Herbs
"Spices, mustard seed, ground",Leucine,g,2024,200,2.08,tsp,1.0,2.0,200,Spices and Herbs
"Spices, mustard seed, ground",Lactose,g,2024,200,0.0,tsp,1.0,2.0,200,Spices and Herbs
"Spices, mustard seed, ground",Isoleucine,g,2024,200,1.183,tsp,1.0,2.0,200,Spices and Herbs
"Spices, mustard seed, ground",Hydroxyproline,g,2024,200,0.0,tsp,1.0,2.0,200,Spices and Herbs
"Spices, mustard seed, ground",Histidine,g,2024,200,0.878,tsp,1.0,2.0,200,Spices and Herbs
"Spices, mustard seed, ground",Glycine,g,2024,200,1.587,tsp,1.0,2.0,200,Spices and Herbs
"Spices, mustard seed, ground",Glutamic acid,g,2024,200,5.265,tsp,1.0,2.0,200,Spices and Herbs
"Spices, mustard seed, ground",Glucose (dextrose),g,2024,200,2.88,tsp,1.0,2.0,200,Spices and Herbs
"Spices, mustard seed, ground",Galactose,g,2024,200,0.2,tsp,1.0,2.0,200,Spices and Herbs
"Spices, mustard seed, ground",Riboflavin,mg,2024,200,0.261,tsp,1.0,2.0,200,Spices and Herbs
"Spices, mustard seed, ground",Lysine,g,2024,200,1.844,tsp,1.0,2.0,200,Spices and Herbs
"Spices, mustard seed, ground",Selenium,µg,2024,200,208.1,tsp,1.0,2.0,200,Spices and Herbs
"Spices, mustard seed, ground",Tryptophan,g,2024,200,0.256,tsp,1.0,2.0,200,Spices and Herbs
"Spices, mustard seed, ground",Sodium,mg,2024,200,13.0,tsp,1.0,2.0,200,Spices and Herbs
"Spices, mustard seed, ground",Zinc,mg,2024,200,6.08,tsp,1.0,2.0,200,Spices and Herbs
"Spices, mustard seed, ground",Vitamin K,µg,2024,200,5.4,tsp,1.0,2.0,200,Spices and Herbs
"Spices, mustard seed, ground","Vitamin E, added",mg,2024,200,0.0,tsp,1.0,2.0,200,Spices and Herbs
"Spices, mustard seed, ground",Vitamin E,mg,2024,200,5.07,tsp,1.0,2.0,200,Spices and Herbs
"Spices, mustard seed, ground",Vitamin D,µg,2024,200,0.0,tsp,1.0,2.0,200,Spices and Herbs
"Spices, mustard seed, ground",Vitamin C,mg,2024,200,7.1,tsp,1.0,2.0,200,Spices and Herbs
"Spices, mustard seed, ground",Vitamin B-6,mg,2024,200,0.397,tsp,1.0,2.0,200,Spices and Herbs
"Spices, mustard seed, ground","Vitamin B-12, added",µg,2024,200,0.0,tsp,1.0,2.0,200,Spices and Herbs
"Spices, mustard seed, ground",Vitamin B-12,µg,2024,200,0.0,tsp,1.0,2.0,200,Spices and Herbs
"Spices, mustard seed, ground",Vitamin A,µg,2024,200,2.0,tsp,1.0,2.0,200,Spices and Herbs
"Spices, mustard seed, ground",Valine,g,2024,200,1.509,tsp,1.0,2.0,200,Spices and Herbs
"Spices, mustard seed, ground",Fructose,g,2024,200,0.02,tsp,1.0,2.0,200,Spices and Herbs
"Spices, mustard seed, ground",Total lipid (fat),g,2024,200,36.24,tsp,1.0,2.0,200,Spices and Herbs
"Spices, mustard seed, ground",Total Water,g,2024,200,5.27,tsp,1.0,2.0,200,Spices and Herbs
"Spices, mustard seed, ground",Total Fiber,g,2024,200,12.2,tsp,1.0,2.0,200,Spices and Herbs
"Spices, mustard seed, ground","Tocotrienol, gamma",mg,2024,200,0.07,tsp,1.0,2.0,200,Spices and Herbs
"Spices, mustard seed, ground","Tocotrienol, delta",mg,2024,200,0.0,tsp,1.0,2.0,200,Spices and Herbs
"Spices, mustard seed, ground","Tocotrienol, beta",mg,2024,200,0.0,tsp,1.0,2.0,200,Spices and Herbs
"Spices, mustard seed, ground","Tocotrienol, alpha",mg,2024,200,0.0,tsp,1.0,2.0,200,Spices and Herbs
"Spices, mustard seed, ground","Tocopherol, gamma",mg,2024,200,19.82,tsp,1.0,2.0,200,Spices and Herbs
"Spices, mustard seed, ground","Tocopherol, delta",mg,2024,200,0.81,tsp,1.0,2.0,200,Spices and Herbs
"Spices, mustard seed, ground","Tocopherol, beta",mg,2024,200,0.0,tsp,1.0,2.0,200,Spices and Herbs
"Spices, mustard seed, ground",Threonine,g,2024,200,0.838,tsp,1.0,2.0,200,Spices and Herbs
"Spices, mustard seed, ground",Thiamin,mg,2024,200,0.805,tsp,1.0,2.0,200,Spices and Herbs
"Spices, mustard seed, ground",Theobromine,mg,2024,200,0.0,tsp,1.0,2.0,200,Spices and Herbs
"Spices, mustard seed, ground","Sugars, total",g,2024,200,6.79,tsp,1.0,2.0,200,Spices and Herbs
"Spices, mustard seed, ground",Sucrose,g,2024,200,3.69,tsp,1.0,2.0,200,Spices and Herbs
"Spices, mustard seed, ground",Serine,g,2024,200,0.759,tsp,1.0,2.0,200,Spices and Herbs
"Spices, mustard seed, ground",Folic acid,µg,2024,200,0.0,tsp,1.0,2.0,200,Spices and Herbs
"Spices, mustard seed, ground",Tyrosine,g,2024,200,0.809,tsp,1.0,2.0,200,Spices and Herbs
"Spices, mustard seed, ground","Folate, DFE",µg,2024,200,162.0,tsp,1.0,2.0,200,Spices and Herbs
"Spices, mustard seed, ground",22:00,g,2024,200,0.175,tsp,1.0,2.0,200,Spices and Herbs
"Spices, mustard seed, ground",20:5 n-3 (EPA),g,2024,200,0.0,tsp,1.0,2.0,200,Spices and Herbs
"Spices, mustard seed, ground",20:4 undifferentiated,g,2024,200,0.0,tsp,1.0,2.0,200,Spices and Herbs
"Spices, mustard seed, ground","20:2 n-6 c,c",g,2024,200,0.25,tsp,1.0,2.0,200,Spices and Herbs
"Spices, mustard seed, ground",20:01,g,2024,200,3.994,tsp,1.0,2.0,200,Spices and Herbs
"Spices, mustard seed, ground",20:00,g,2024,200,0.275,tsp,1.0,2.0,200,Spices and Herbs
"Spices, mustard seed, ground",18:3 undifferentiated,g,2024,200,3.792,tsp,1.0,2.0,200,Spices and Herbs
"Spices, mustard seed, ground","18:3 n-6 c,c,c",g,2024,200,0.0,tsp,1.0,2.0,200,Spices and Herbs
"Spices, mustard seed, ground",18:2 undifferentiated,g,2024,200,5.921,tsp,1.0,2.0,200,Spices and Herbs
"Spices, mustard seed, ground",18:1 undifferentiated,g,2024,200,8.463,tsp,1.0,2.0,200,Spices and Herbs
"Spices, mustard seed, ground",18:1 t,g,2024,200,0.0,tsp,1.0,2.0,200,Spices and Herbs
"Spices, mustard seed, ground",18:04,g,2024,200,0.0,tsp,1.0,2.0,200,Spices and Herbs
"Spices, mustard seed, ground",22:1 undifferentiated,g,2024,200,9.355,tsp,1.0,2.0,200,Spices and Herbs
"Spices, mustard seed, ground",18:00,g,2024,200,0.458,tsp,1.0,2.0,200,Spices and Herbs
"Spices, mustard seed, ground",17:00,g,2024,200,0.0,tsp,1.0,2.0,200,Spices and Herbs
"Spices, mustard seed, ground",16:1 undifferentiated,g,2024,200,0.062,tsp,1.0,2.0,200,Spices and Herbs
"Spices, mustard seed, ground",15:01,g,2024,200,0.0,tsp,1.0,2.0,200,Spices and Herbs
"Spices, mustard seed, ground",15:00,g,2024,200,0.0,tsp,1.0,2.0,200,Spices and Herbs
"Spices, mustard seed, ground",14:01,g,2024,200,0.0,tsp,1.0,2.0,200,Spices and Herbs
"Spices, mustard seed, ground",14:00,g,2024,200,0.0,tsp,1.0,2.0,200,Spices and Herbs
"Spices, mustard seed, ground",13:00,g,2024,200,0.0,tsp,1.0,2.0,200,Spices and Herbs
"Spices, mustard seed, ground",12:00,g,2024,200,0.0,tsp,1.0,2.0,200,Spices and Herbs
"Spices, mustard seed, ground",10:00,g,2024,200,0.0,tsp,1.0,2.0,200,Spices and Herbs
"Spices, mustard seed, ground",08:00,g,2024,200,0.0,tsp,1.0,2.0,200,Spices and Herbs
"Spices, mustard seed, ground",06:00,g,2024,200,0.0,tsp,1.0,2.0,200,Spices and Herbs
"Spices, mustard seed, ground",04:00,g,2024,200,0.0,tsp,1.0,2.0,200,Spices and Herbs
"Spices, mustard seed, ground",17:01,g,2024,200,0.0,tsp,1.0,2.0,200,Spices and Herbs
"Spices, mustard seed, ground",22:5 n-3 (DPA),g,2024,200,0.0,tsp,1.0,2.0,200,Spices and Herbs
"Spices, mustard seed, ground",16:00,g,2024,200,0.977,tsp,1.0,2.0,200,Spices and Herbs
"Spices, mustard seed, ground",24:00:00,g,2024,200,0.105,tsp,1.0,2.0,200,Spices and Herbs
"Spices, mustard seed, ground",22:6 n-3 (DHA),g,2024,200,0.0,tsp,1.0,2.0,200,Spices and Herbs
"Spices, mustard seed, ground",Folate,µg,2024,200,162.0,tsp,1.0,2.0,200,Spices and Herbs
"Spices, mustard seed, ground","Fatty acids, total trans-monoenoic",g,2024,200,0.0,tsp,1.0,2.0,200,Spices and Herbs
"Spices, mustard seed, ground","Fatty acids, total trans",g,2024,200,0.0,tsp,1.0,2.0,200,Spices and Herbs
"Spices, mustard seed, ground","Fatty acids, total saturated",g,2024,200,1.989,tsp,1.0,2.0,200,Spices and Herbs
"Spices, mustard seed, ground","Fatty acids, total polyunsaturated",g,2024,200,10.088,tsp,1.0,2.0,200,Spices and Herbs
"Spices, mustard seed, ground","Fatty acids, total monounsaturated",g,2024,200,22.518,tsp,1.0,2.0,200,Spices and Herbs
"Spices, mustard seed, ground",Energy,kcal,2024,200,508.0,tsp,1.0,2.0,200,Spices and Herbs
"Spices, mustard seed, ground",Energy,kJ,2024,200,2126.0,tsp,1.0,2.0,200,Spices and Herbs
"Spices, mustard seed, ground",Dihydrophylloquinone,µg,2024,200,0.0,tsp,1.0,2.0,200,Spices and Herbs
"Spices, mustard seed, ground",Cystine,g,2024,200,0.68,tsp,1.0,2.0,200,Spices and Herbs
"Spices, mustard seed, ground","Cryptoxanthin, beta",µg,2024,200,0.0,tsp,1.0,2.0,200,Spices and Herbs
"Spices, mustard seed, ground",Copper,mg,2024,200,0.645,tsp,1.0,2.0,200,Spices and Herbs
"Spices, mustard seed, ground","Folate, food",µg,2024,200,162.0,tsp,1.0,2.0,200,Spices and Herbs
"Spices, mustard seed, ground",Cholesterol,mg,2024,200,0.0,tsp,1.0,2.0,200,Spices and Herbs
"Spices, mustard seed, ground",24:1 c,g,2024,200,0.644,tsp,1.0,2.0,200,Spices and Herbs
"Spices, mustard seed, ground",Choline,mg,2024,200,122.7,tsp,1.0,2.0,200,Spices and Herbs
"Spices, mustard seed, ground",Alanine,g,2024,200,1.173,tsp,1.0,2.0,200,Spices and Herbs
"Spices, mustard seed, ground",Alcohol,g,2024,200,0.0,tsp,1.0,2.0,200,Spices and Herbs
"Spices, mustard seed, ground",Ash,g,2024,200,4.33,tsp,1.0,2.0,200,Spices and Herbs
"Spices, mustard seed, ground",Aspartic acid,g,2024,200,2.435,tsp,1.0,2.0,200,Spices and Herbs
"Spices, mustard seed, ground",Arginine,g,2024,200,1.933,tsp,1.0,2.0,200,Spices and Herbs
"Spices, mustard seed, ground",Caffeine,mg,2024,200,0.0,tsp,1.0,2.0,200,Spices and Herbs
"Spices, mustard seed, ground",Calcium,mg,2024,200,266.0,tsp,1.0,2.0,200,Spices and Herbs
"Spices, mustard seed, ground",Carbohydrate,g,2024,200,28.09,tsp,1.0,2.0,200,Spices and Herbs
"Spices, mustard seed, ground","Carotene, alpha",µg,2024,200,0.0,tsp,1.0,2.0,200,Spices and Herbs
"Spices, mustard seed, ground","Carotene, beta",µg,2024,200,18.0,tsp,1.0,2.0,200,Spices and Herbs
"Spices, mustard seed, ground",Betaine,mg,2024,200,1.9,tsp,1.0,2.0,200,Spices and Herbs
"Spices, nutmeg, ground",Phytosterols,mg,2025,200,62.0,tsp,1.0,2.2,200,Spices and Herbs
"Spices, nutmeg, ground",Riboflavin,mg,2025,200,0.057,tsp,1.0,2.2,200,Spices and Herbs
"Spices, nutmeg, ground",Retinol,µg,2025,200,0.0,tsp,1.0,2.2,200,Spices and Herbs
"Spices, nutmeg, ground",Protein,g,2025,200,5.84,tsp,1.0,2.2,200,Spices and Herbs
"Spices, nutmeg, ground",Selenium,µg,2025,200,1.6,tsp,1.0,2.2,200,Spices and Herbs
"Spices, nutmeg, ground",Potassium,mg,2025,200,350.0,tsp,1.0,2.2,200,Spices and Herbs
"Spices, nutmeg, ground",Phosphorus,mg,2025,200,213.0,tsp,1.0,2.2,200,Spices and Herbs
"Spices, nutmeg, ground",Lutein + zeaxanthin,µg,2025,200,0.0,tsp,1.0,2.2,200,Spices and Herbs
"Spices, nutmeg, ground",Manganese,mg,2025,200,2.9,tsp,1.0,2.2,200,Spices and Herbs
"Spices, nutmeg, ground",Magnesium,mg,2025,200,183.0,tsp,1.0,2.2,200,Spices and Herbs
"Spices, nutmeg, ground",Lycopene,µg,2025,200,0.0,tsp,1.0,2.2,200,Spices and Herbs
"Spices, nutmeg, ground",Sodium,mg,2025,200,16.0,tsp,1.0,2.2,200,Spices and Herbs
"Spices, nutmeg, ground",Iron,mg,2025,200,3.04,tsp,1.0,2.2,200,Spices and Herbs
"Spices, nutmeg, ground",Folic acid,µg,2025,200,0.0,tsp,1.0,2.2,200,Spices and Herbs
"Spices, nutmeg, ground","Folate, food",µg,2025,200,76.0,tsp,1.0,2.2,200,Spices and Herbs
"Spices, nutmeg, ground",Niacin,mg,2025,200,1.299,tsp,1.0,2.2,200,Spices and Herbs
"Spices, nutmeg, ground","Sugars, total",g,2025,200,2.99,tsp,1.0,2.2,200,Spices and Herbs
"Spices, nutmeg, ground",Total Water,g,2025,200,6.23,tsp,1.0,2.2,200,Spices and Herbs
"Spices, nutmeg, ground",Thiamin,mg,2025,200,0.346,tsp,1.0,2.2,200,Spices and Herbs
"Spices, nutmeg, ground","Folate, DFE",µg,2025,200,76.0,tsp,1.0,2.2,200,Spices and Herbs
"Spices, nutmeg, ground",Zinc,mg,2025,200,2.15,tsp,1.0,2.2,200,Spices and Herbs
"Spices, nutmeg, ground",Vitamin K,µg,2025,200,0.0,tsp,1.0,2.2,200,Spices and Herbs
"Spices, nutmeg, ground","Vitamin E, added",mg,2025,200,0.0,tsp,1.0,2.2,200,Spices and Herbs
"Spices, nutmeg, ground",Vitamin E,mg,2025,200,0.0,tsp,1.0,2.2,200,Spices and Herbs
"Spices, nutmeg, ground",Vitamin C,mg,2025,200,3.0,tsp,1.0,2.2,200,Spices and Herbs
"Spices, nutmeg, ground",Vitamin B-6,mg,2025,200,0.16,tsp,1.0,2.2,200,Spices and Herbs
"Spices, nutmeg, ground","Vitamin B-12, added",µg,2025,200,0.0,tsp,1.0,2.2,200,Spices and Herbs
"Spices, nutmeg, ground",Vitamin B-12,µg,2025,200,0.0,tsp,1.0,2.2,200,Spices and Herbs
"Spices, nutmeg, ground",Vitamin A,µg,2025,200,5.0,tsp,1.0,2.2,200,Spices and Herbs
"Spices, nutmeg, ground",Total lipid (fat),g,2025,200,36.31,tsp,1.0,2.2,200,Spices and Herbs
"Spices, nutmeg, ground",Total Fiber,g,2025,200,20.8,tsp,1.0,2.2,200,Spices and Herbs
"Spices, nutmeg, ground","Tocopherol, gamma",mg,2025,200,0.53,tsp,1.0,2.2,200,Spices and Herbs
"Spices, nutmeg, ground","Tocopherol, delta",mg,2025,200,0.0,tsp,1.0,2.2,200,Spices and Herbs
"Spices, nutmeg, ground","Tocopherol, beta",mg,2025,200,0.0,tsp,1.0,2.2,200,Spices and Herbs
"Spices, nutmeg, ground",Theobromine,mg,2025,200,0.0,tsp,1.0,2.2,200,Spices and Herbs
"Spices, nutmeg, ground",Vitamin D,µg,2025,200,0.0,tsp,1.0,2.2,200,Spices and Herbs
"Spices, nutmeg, ground",Folate,µg,2025,200,76.0,tsp,1.0,2.2,200,Spices and Herbs
"Spices, nutmeg, ground","Fatty acids, total polyunsaturated",g,2025,200,0.35,tsp,1.0,2.2,200,Spices and Herbs
"Spices, nutmeg, ground",20:01,g,2025,200,0.0,tsp,1.0,2.2,200,Spices and Herbs
"Spices, nutmeg, ground",18:3 undifferentiated,g,2025,200,0.0,tsp,1.0,2.2,200,Spices and Herbs
"Spices, nutmeg, ground",18:2 undifferentiated,g,2025,200,0.35,tsp,1.0,2.2,200,Spices and Herbs
"Spices, nutmeg, ground",18:1 undifferentiated,g,2025,200,1.59,tsp,1.0,2.2,200,Spices and Herbs
"Spices, nutmeg, ground",18:04,g,2025,200,0.0,tsp,1.0,2.2,200,Spices and Herbs
"Spices, nutmeg, ground",18:00,g,2025,200,0.17,tsp,1.0,2.2,200,Spices and Herbs
"Spices, nutmeg, ground",20:4 undifferentiated,g,2025,200,0.0,tsp,1.0,2.2,200,Spices and Herbs
"Spices, nutmeg, ground",16:1 undifferentiated,g,2025,200,1.4,tsp,1.0,2.2,200,Spices and Herbs
"Spices, nutmeg, ground",14:00,g,2025,200,22.83,tsp,1.0,2.2,200,Spices and Herbs
"Spices, nutmeg, ground",12:00,g,2025,200,0.37,tsp,1.0,2.2,200,Spices and Herbs
"Spices, nutmeg, ground",10:00,g,2025,200,0.0,tsp,1.0,2.2,200,Spices and Herbs
"Spices, nutmeg, ground",06:00,g,2025,200,0.0,tsp,1.0,2.2,200,Spices and Herbs
"Spices, nutmeg, ground",04:00,g,2025,200,0.0,tsp,1.0,2.2,200,Spices and Herbs
"Spices, nutmeg, ground","Fatty acids, total saturated",g,2025,200,25.94,tsp,1.0,2.2,200,Spices and Herbs
"Spices, nutmeg, ground",16:00,g,2025,200,2.26,tsp,1.0,2.2,200,Spices and Herbs
"Spices, nutmeg, ground",20:5 n-3 (EPA),g,2025,200,0.0,tsp,1.0,2.2,200,Spices and Herbs
"Spices, nutmeg, ground",08:00,g,2025,200,0.0,tsp,1.0,2.2,200,Spices and Herbs
"Spices, nutmeg, ground",22:5 n-3 (DPA),g,2025,200,0.0,tsp,1.0,2.2,200,Spices and Herbs
"Spices, nutmeg, ground",22:1 undifferentiated,g,2025,200,0.0,tsp,1.0,2.2,200,Spices and Herbs
"Spices, nutmeg, ground",Energy,kcal,2025,200,525.0,tsp,1.0,2.2,200,Spices and Herbs
"Spices, nutmeg, ground","Fatty acids, total monounsaturated",g,2025,200,3.22,tsp,1.0,2.2,200,Spices and Herbs
"Spices, nutmeg, ground","Cryptoxanthin, beta",µg,2025,200,66.0,tsp,1.0,2.2,200,Spices and Herbs
"Spices, nutmeg, ground",Copper,mg,2025,200,1.027,tsp,1.0,2.2,200,Spices and Herbs
"Spices, nutmeg, ground",Choline,mg,2025,200,8.8,tsp,1.0,2.2,200,Spices and Herbs
"Spices, nutmeg, ground",Cholesterol,mg,2025,200,0.0,tsp,1.0,2.2,200,Spices and Herbs
"Spices, nutmeg, ground",Energy,kJ,2025,200,2196.0,tsp,1.0,2.2,200,Spices and Herbs
"Spices, nutmeg, ground","Carotene, alpha",µg,2025,200,0.0,tsp,1.0,2.2,200,Spices and Herbs
"Spices, nutmeg, ground",Carbohydrate,g,2025,200,49.29,tsp,1.0,2.2,200,Spices and Herbs
"Spices, nutmeg, ground",Calcium,mg,2025,200,184.0,tsp,1.0,2.2,200,Spices and Herbs
"Spices, nutmeg, ground",Caffeine,mg,2025,200,0.0,tsp,1.0,2.2,200,Spices and Herbs
"Spices, nutmeg, ground",Ash,g,2025,200,2.34,tsp,1.0,2.2,200,Spices and Herbs
"Spices, nutmeg, ground",Alcohol,g,2025,200,0.0,tsp,1.0,2.2,200,Spices and Herbs
"Spices, nutmeg, ground","Carotene, beta",µg,2025,200,28.0,tsp,1.0,2.2,200,Spices and Herbs
"Spices, nutmeg, ground",22:6 n-3 (DHA),g,2025,200,0.0,tsp,1.0,2.2,200,Spices and Herbs
"Spices, onion powder",Maltose,g,2026,200,0.0,tsp,1.0,2.4,200,Spices and Herbs
"Spices, onion powder",Manganese,mg,2026,200,1.3,tsp,1.0,2.4,200,Spices and Herbs
"Spices, onion powder",Methionine,g,2026,200,0.09,tsp,1.0,2.4,200,Spices and Herbs
"Spices, onion powder",Niacin,mg,2026,200,0.321,tsp,1.0,2.4,200,Spices and Herbs
"Spices, onion powder",Pantothenic Acid,mg,2026,200,0.732,tsp,1.0,2.4,200,Spices and Herbs
"Spices, onion powder",Phytosterols,mg,2026,200,87.0,tsp,1.0,2.4,200,Spices and Herbs
"Spices, onion powder",Phosphorus,mg,2026,200,322.0,tsp,1.0,2.4,200,Spices and Herbs
"Spices, onion powder",Potassium,mg,2026,200,985.0,tsp,1.0,2.4,200,Spices and Herbs
"Spices, onion powder",Proline,g,2026,200,0.69,tsp,1.0,2.4,200,Spices and Herbs
"Spices, onion powder",Protein,g,2026,200,10.41,tsp,1.0,2.4,200,Spices and Herbs
"Spices, onion powder",Retinol,µg,2026,200,0.0,tsp,1.0,2.4,200,Spices and Herbs
"Spices, onion powder",Phenylalanine,g,2026,200,0.28,tsp,1.0,2.4,200,Spices and Herbs
"Spices, onion powder",Magnesium,mg,2026,200,113.0,tsp,1.0,2.4,200,Spices and Herbs
"Spices, onion powder",Iron,mg,2026,200,3.9,tsp,1.0,2.4,200,Spices and Herbs
"Spices, onion powder",Lycopene,µg,2026,200,0.0,tsp,1.0,2.4,200,Spices and Herbs
"Spices, onion powder",Lutein + zeaxanthin,µg,2026,200,0.0,tsp,1.0,2.4,200,Spices and Herbs
"Spices, onion powder",Leucine,g,2026,200,0.22,tsp,1.0,2.4,200,Spices and Herbs
"Spices, onion powder",Zinc,mg,2026,200,4.05,tsp,1.0,2.4,200,Spices and Herbs
"Spices, onion powder",Isoleucine,g,2026,200,0.14,tsp,1.0,2.4,200,Spices and Herbs
"Spices, onion powder",Histidine,g,2026,200,0.16,tsp,1.0,2.4,200,Spices and Herbs
"Spices, onion powder",Glycine,g,2026,200,0.27,tsp,1.0,2.4,200,Spices and Herbs
"Spices, onion powder",Glutamic acid,g,2026,200,2.09,tsp,1.0,2.4,200,Spices and Herbs
"Spices, onion powder",Glucose (dextrose),g,2026,200,0.73,tsp,1.0,2.4,200,Spices and Herbs
"Spices, onion powder",Galactose,g,2026,200,0.36,tsp,1.0,2.4,200,Spices and Herbs
"Spices, onion powder",Fructose,g,2026,200,1.67,tsp,1.0,2.4,200,Spices and Herbs
"Spices, onion powder",Riboflavin,mg,2026,200,0.08,tsp,1.0,2.4,200,Spices and Herbs
"Spices, onion powder",Lysine,g,2026,200,0.49,tsp,1.0,2.4,200,Spices and Herbs
"Spices, onion powder",Selenium,µg,2026,200,14.3,tsp,1.0,2.4,200,Spices and Herbs
"Spices, onion powder",Tryptophan,g,2026,200,0.06,tsp,1.0,2.4,200,Spices and Herbs
"Spices, onion powder",Sodium,mg,2026,200,73.0,tsp,1.0,2.4,200,Spices and Herbs
"Spices, onion powder",Folic acid,µg,2026,200,0.0,tsp,1.0,2.4,200,Spices and Herbs
"Spices, onion powder",Vitamin K,µg,2026,200,4.1,tsp,1.0,2.4,200,Spices and Herbs
"Spices, onion powder","Vitamin E, added",mg,2026,200,0.0,tsp,1.0,2.4,200,Spices and Herbs
"Spices, onion powder",Vitamin E,mg,2026,200,0.27,tsp,1.0,2.4,200,Spices and Herbs
"Spices, onion powder",Vitamin D,µg,2026,200,0.0,tsp,1.0,2.4,200,Spices and Herbs
"Spices, onion powder",Vitamin C,mg,2026,200,23.4,tsp,1.0,2.4,200,Spices and Herbs
"Spices, onion powder",Vitamin B-6,mg,2026,200,0.718,tsp,1.0,2.4,200,Spices and Herbs
"Spices, onion powder","Vitamin B-12, added",µg,2026,200,0.0,tsp,1.0,2.4,200,Spices and Herbs
"Spices, onion powder",Vitamin B-12,µg,2026,200,0.0,tsp,1.0,2.4,200,Spices and Herbs
"Spices, onion powder",Vitamin A,µg,2026,200,0.0,tsp,1.0,2.4,200,Spices and Herbs
"Spices, onion powder",Valine,g,2026,200,0.17,tsp,1.0,2.4,200,Spices and Herbs
"Spices, onion powder",Tyrosine,g,2026,200,0.13,tsp,1.0,2.4,200,Spices and Herbs
"Spices, onion powder",Total lipid (fat),g,2026,200,1.04,tsp,1.0,2.4,200,Spices and Herbs
"Spices, onion powder",Total Water,g,2026,200,5.39,tsp,1.0,2.4,200,Spices and Herbs
"Spices, onion powder",Total Fiber,g,2026,200,15.2,tsp,1.0,2.4,200,Spices and Herbs
"Spices, onion powder","Tocotrienol, gamma",mg,2026,200,0.0,tsp,1.0,2.4,200,Spices and Herbs
"Spices, onion powder","Tocotrienol, delta",mg,2026,200,0.0,tsp,1.0,2.4,200,Spices and Herbs
"Spices, onion powder","Tocotrienol, beta",mg,2026,200,0.0,tsp,1.0,2.4,200,Spices and Herbs
"Spices, onion powder","Tocotrienol, alpha",mg,2026,200,0.04,tsp,1.0,2.4,200,Spices and Herbs
"Spices, onion powder","Tocopherol, gamma",mg,2026,200,0.05,tsp,1.0,2.4,200,Spices and Herbs
"Spices, onion powder","Tocopherol, delta",mg,2026,200,0.0,tsp,1.0,2.4,200,Spices and Herbs
"Spices, onion powder","Tocopherol, beta",mg,2026,200,0.0,tsp,1.0,2.4,200,Spices and Herbs
"Spices, onion powder",Threonine,g,2026,200,0.14,tsp,1.0,2.4,200,Spices and Herbs
"Spices, onion powder",Thiamin,mg,2026,200,0.457,tsp,1.0,2.4,200,Spices and Herbs
"Spices, onion powder",Theobromine,mg,2026,200,0.0,tsp,1.0,2.4,200,Spices and Herbs
"Spices, onion powder","Sugars, total",g,2026,200,6.63,tsp,1.0,2.4,200,Spices and Herbs
"Spices, onion powder",Sucrose,g,2026,200,3.87,tsp,1.0,2.4,200,Spices and Herbs
"Spices, onion powder",Serine,g,2026,200,0.14,tsp,1.0,2.4,200,Spices and Herbs
"Spices, onion powder","Folate, food",µg,2026,200,64.0,tsp,1.0,2.4,200,Spices and Herbs
"Spices, onion powder",Lactose,g,2026,200,0.0,tsp,1.0,2.4,200,Spices and Herbs
"Spices, onion powder",Folate,µg,2026,200,64.0,tsp,1.0,2.4,200,Spices and Herbs
"Spices, onion powder",20:4 undifferentiated,g,2026,200,0.042,tsp,1.0,2.4,200,Spices and Herbs
"Spices, onion powder",20:3 undifferentiated,g,2026,200,0.0,tsp,1.0,2.4,200,Spices and Herbs
"Spices, onion powder","20:2 n-6 c,c",g,2026,200,0.0,tsp,1.0,2.4,200,Spices and Herbs
"Spices, onion powder",20:01,g,2026,200,0.0,tsp,1.0,2.4,200,Spices and Herbs
"Spices, onion powder",20:00,g,2026,200,0.036,tsp,1.0,2.4,200,Spices and Herbs
"Spices, onion powder",18:3 undifferentiated,g,2026,200,0.015,tsp,1.0,2.4,200,Spices and Herbs
"Spices, onion powder","18:3 n-6 c,c,c",g,2026,200,0.0,tsp,1.0,2.4,200,Spices and Herbs
"Spices, onion powder",18:2 undifferentiated,g,2026,200,0.254,tsp,1.0,2.4,200,Spices and Herbs
"Spices, onion powder",18:1 undifferentiated,g,2026,200,0.202,tsp,1.0,2.4,200,Spices and Herbs
"Spices, onion powder",18:1 t,g,2026,200,0.0,tsp,1.0,2.4,200,Spices and Herbs
"Spices, onion powder",18:1 c,g,2026,200,0.202,tsp,1.0,2.4,200,Spices and Herbs
"Spices, onion powder",18:04,g,2026,200,0.0,tsp,1.0,2.4,200,Spices and Herbs
"Spices, onion powder",18:00,g,2026,200,0.023,tsp,1.0,2.4,200,Spices and Herbs
"Spices, onion powder",17:01,g,2026,200,0.0,tsp,1.0,2.4,200,Spices and Herbs
"Spices, onion powder",17:00,g,2026,200,0.0,tsp,1.0,2.4,200,Spices and Herbs
"Spices, onion powder",16:1 undifferentiated,g,2026,200,0.0,tsp,1.0,2.4,200,Spices and Herbs
"Spices, onion powder",16:00,g,2026,200,0.109,tsp,1.0,2.4,200,Spices and Herbs
"Spices, onion powder",15:01,g,2026,200,0.0,tsp,1.0,2.4,200,Spices and Herbs
"Spices, onion powder",15:00,g,2026,200,0.0,tsp,1.0,2.4,200,Spices and Herbs
"Spices, onion powder",14:01,g,2026,200,0.0,tsp,1.0,2.4,200,Spices and Herbs
"Spices, onion powder",14:00,g,2026,200,0.0,tsp,1.0,2.4,200,Spices and Herbs
"Spices, onion powder",13:00,g,2026,200,0.0,tsp,1.0,2.4,200,Spices and Herbs
"Spices, onion powder",12:00,g,2026,200,0.0,tsp,1.0,2.4,200,Spices and Herbs
"Spices, onion powder",10:00,g,2026,200,0.0,tsp,1.0,2.4,200,Spices and Herbs
"Spices, onion powder",08:00,g,2026,200,0.0,tsp,1.0,2.4,200,Spices and Herbs
"Spices, onion powder",06:00,g,2026,200,0.0,tsp,1.0,2.4,200,Spices and Herbs
"Spices, onion powder",04:00,g,2026,200,0.0,tsp,1.0,2.4,200,Spices and Herbs
"Spices, onion powder",20:5 n-3 (EPA),g,2026,200,0.0,tsp,1.0,2.4,200,Spices and Herbs
"Spices, onion powder",22:00,g,2026,200,0.052,tsp,1.0,2.4,200,Spices and Herbs
"Spices, onion powder","Folate, DFE",µg,2026,200,64.0,tsp,1.0,2.4,200,Spices and Herbs
"Spices, onion powder",22:5 n-3 (DPA),g,2026,200,0.0,tsp,1.0,2.4,200,Spices and Herbs
"Spices, onion powder","Fatty acids, total trans",g,2026,200,0.0,tsp,1.0,2.4,200,Spices and Herbs
"Spices, onion powder","Fatty acids, total saturated",g,2026,200,0.219,tsp,1.0,2.4,200,Spices and Herbs
"Spices, onion powder","Fatty acids, total polyunsaturated",g,2026,200,0.31,tsp,1.0,2.4,200,Spices and Herbs
"Spices, onion powder","Fatty acids, total monounsaturated",g,2026,200,0.202,tsp,1.0,2.4,200,Spices and Herbs
"Spices, onion powder",Energy,kcal,2026,200,341.0,tsp,1.0,2.4,200,Spices and Herbs
"Spices, onion powder",Energy,kJ,2026,200,1429.0,tsp,1.0,2.4,200,Spices and Herbs
"Spices, onion powder",Dihydrophylloquinone,µg,2026,200,0.0,tsp,1.0,2.4,200,Spices and Herbs
"Spices, onion powder",Cystine,g,2026,200,0.08,tsp,1.0,2.4,200,Spices and Herbs
"Spices, onion powder","Cryptoxanthin, beta",µg,2026,200,0.0,tsp,1.0,2.4,200,Spices and Herbs
"Spices, onion powder",Copper,mg,2026,200,0.59,tsp,1.0,2.4,200,Spices and Herbs
"Spices, onion powder",Choline,mg,2026,200,39.0,tsp,1.0,2.4,200,Spices and Herbs
"Spices, onion powder",Cholesterol,mg,2026,200,0.0,tsp,1.0,2.4,200,Spices and Herbs
"Spices, onion powder","Carotene, beta",µg,2026,200,0.0,tsp,1.0,2.4,200,Spices and Herbs
"Spices, onion powder",22:1 undifferentiated,g,2026,200,0.0,tsp,1.0,2.4,200,Spices and Herbs
"Spices, onion powder",Carbohydrate,g,2026,200,79.12,tsp,1.0,2.4,200,Spices and Herbs
"Spices, onion powder",22:6 n-3 (DHA),g,2026,200,0.0,tsp,1.0,2.4,200,Spices and Herbs
"Spices, onion powder",24:00:00,g,2026,200,0.0,tsp,1.0,2.4,200,Spices and Herbs
"Spices, onion powder",24:1 c,g,2026,200,0.0,tsp,1.0,2.4,200,Spices and Herbs
"Spices, onion powder","Carotene, alpha",µg,2026,200,0.0,tsp,1.0,2.4,200,Spices and Herbs
"Spices, onion powder",Alcohol,g,2026,200,0.0,tsp,1.0,2.4,200,Spices and Herbs
"Spices, onion powder",Alpha-Linolenic Acid,g,2026,200,0.015,tsp,1.0,2.4,200,Spices and Herbs
"Spices, onion powder",Alanine,g,2026,200,0.18,tsp,1.0,2.4,200,Spices and Herbs
"Spices, onion powder",Ash,g,2026,200,4.04,tsp,1.0,2.4,200,Spices and Herbs
"Spices, onion powder",Aspartic acid,g,2026,200,0.66,tsp,1.0,2.4,200,Spices and Herbs
"Spices, onion powder",Betaine,mg,2026,200,0.4,tsp,1.0,2.4,200,Spices and Herbs
"Spices, onion powder",Caffeine,mg,2026,200,0.0,tsp,1.0,2.4,200,Spices and Herbs
"Spices, onion powder",Calcium,mg,2026,200,384.0,tsp,1.0,2.4,200,Spices and Herbs
"Spices, onion powder",Arginine,g,2026,200,1.95,tsp,1.0,2.4,200,Spices and Herbs
"Spices, oregano, dried",Magnesium,mg,2027,200,270.0,"tsp, leaves",1.0,1.0,200,Spices and Herbs
"Spices, oregano, dried",Maltose,g,2027,200,0.0,"tsp, leaves",1.0,1.0,200,Spices and Herbs
"Spices, oregano, dried",Manganese,mg,2027,200,4.99,"tsp, leaves",1.0,1.0,200,Spices and Herbs
"Spices, oregano, dried",Methionine,g,2027,200,0.127,"tsp, leaves",1.0,1.0,200,Spices and Herbs
"Spices, oregano, dried",Niacin,mg,2027,200,4.64,"tsp, leaves",1.0,1.0,200,Spices and Herbs
"Spices, oregano, dried",Proline,g,2027,200,1.712,"tsp, leaves",1.0,1.0,200,Spices and Herbs
"Spices, oregano, dried",Phenylalanine,g,2027,200,0.449,"tsp, leaves",1.0,1.0,200,Spices and Herbs
"Spices, oregano, dried",Phosphorus,mg,2027,200,148.0,"tsp, leaves",1.0,1.0,200,Spices and Herbs
"Spices, oregano, dried",Phytosterols,mg,2027,200,203.0,"tsp, leaves",1.0,1.0,200,Spices and Herbs
"Spices, oregano, dried",Potassium,mg,2027,200,1260.0,"tsp, leaves",1.0,1.0,200,Spices and Herbs
"Spices, oregano, dried",Lysine,g,2027,200,0.5,"tsp, leaves",1.0,1.0,200,Spices and Herbs
"Spices, oregano, dried",Pantothenic Acid,mg,2027,200,0.921,"tsp, leaves",1.0,1.0,200,Spices and Herbs
"Spices, oregano, dried",Lycopene,µg,2027,200,0.0,"tsp, leaves",1.0,1.0,200,Spices and Herbs
"Spices, oregano, dried",Glycine,g,2027,200,0.517,"tsp, leaves",1.0,1.0,200,Spices and Herbs
"Spices, oregano, dried",Lactose,g,2027,200,0.0,"tsp, leaves",1.0,1.0,200,Spices and Herbs
"Spices, oregano, dried",Isoleucine,g,2027,200,0.441,"tsp, leaves",1.0,1.0,200,Spices and Herbs
"Spices, oregano, dried",Iron,mg,2027,200,36.8,"tsp, leaves",1.0,1.0,200,Spices and Herbs
"Spices, oregano, dried",Hydroxyproline,g,2027,200,0.0,"tsp, leaves",1.0,1.0,200,Spices and Herbs
"Spices, oregano, dried",Histidine,g,2027,200,0.144,"tsp, leaves",1.0,1.0,200,Spices and Herbs
"Spices, oregano, dried",Glutamic acid,g,2027,200,0.975,"tsp, leaves",1.0,1.0,200,Spices and Herbs
"Spices, oregano, dried",Glucose (dextrose),g,2027,200,1.9,"tsp, leaves",1.0,1.0,200,Spices and Herbs
"Spices, oregano, dried",Galactose,g,2027,200,0.15,"tsp, leaves",1.0,1.0,200,Spices and Herbs
"Spices, oregano, dried",Fructose,g,2027,200,1.13,"tsp, leaves",1.0,1.0,200,Spices and Herbs
"Spices, oregano, dried",Folic acid,µg,2027,200,0.0,"tsp, leaves",1.0,1.0,200,Spices and Herbs
"Spices, oregano, dried","Folate, food",µg,2027,200,237.0,"tsp, leaves",1.0,1.0,200,Spices and Herbs
"Spices, oregano, dried",Protein,g,2027,200,9.0,"tsp, leaves",1.0,1.0,200,Spices and Herbs
"Spices, oregano, dried",Leucine,g,2027,200,0.78,"tsp, leaves",1.0,1.0,200,Spices and Herbs
"Spices, oregano, dried",Retinol,µg,2027,200,0.0,"tsp, leaves",1.0,1.0,200,Spices and Herbs
"Spices, oregano, dried",Total Water,g,2027,200,9.93,"tsp, leaves",1.0,1.0,200,Spices and Herbs
"Spices, oregano, dried",Selenium,µg,2027,200,4.5,"tsp, leaves",1.0,1.0,200,Spices and Herbs
"Spices, oregano, dried",Zinc,mg,2027,200,2.69,"tsp, leaves",1.0,1.0,200,Spices and Herbs
"Spices, oregano, dried",Vitamin K,µg,2027,200,621.7,"tsp, leaves",1.0,1.0,200,Spices and Herbs
"Spices, oregano, dried","Vitamin E, added",mg,2027,200,0.0,"tsp, leaves",1.0,1.0,200,Spices and Herbs
"Spices, oregano, dried",Vitamin E,mg,2027,200,18.26,"tsp, leaves",1.0,1.0,200,Spices and Herbs
"Spices, oregano, dried",Vitamin D,µg,2027,200,0.0,"tsp, leaves",1.0,1.0,200,Spices and Herbs
"Spices, oregano, dried",Vitamin C,mg,2027,200,2.3,"tsp, leaves",1.0,1.0,200,Spices and Herbs
"Spices, oregano, dried",Vitamin B-6,mg,2027,200,1.044,"tsp, leaves",1.0,1.0,200,Spices and Herbs
"Spices, oregano, dried","Vitamin B-12, added",µg,2027,200,0.0,"tsp, leaves",1.0,1.0,200,Spices and Herbs
"Spices, oregano, dried",Vitamin B-12,µg,2027,200,0.0,"tsp, leaves",1.0,1.0,200,Spices and Herbs
"Spices, oregano, dried",Vitamin A,µg,2027,200,85.0,"tsp, leaves",1.0,1.0,200,Spices and Herbs
"Spices, oregano, dried",Valine,g,2027,200,0.585,"tsp, leaves",1.0,1.0,200,Spices and Herbs
"Spices, oregano, dried",Tyrosine,g,2027,200,0.297,"tsp, leaves",1.0,1.0,200,Spices and Herbs
"Spices, oregano, dried",Riboflavin,mg,2027,200,0.528,"tsp, leaves",1.0,1.0,200,Spices and Herbs
"Spices, oregano, dried",Tryptophan,g,2027,200,0.203,"tsp, leaves",1.0,1.0,200,Spices and Herbs
"Spices, oregano, dried","Folate, DFE",µg,2027,200,237.0,"tsp, leaves",1.0,1.0,200,Spices and Herbs
"Spices, oregano, dried",Total Fiber,g,2027,200,42.5,"tsp, leaves",1.0,1.0,200,Spices and Herbs
"Spices, oregano, dried","Tocopherol, gamma",mg,2027,200,24.42,"tsp, leaves",1.0,1.0,200,Spices and Herbs
"Spices, oregano, dried","Tocopherol, delta",mg,2027,200,0.92,"tsp, leaves",1.0,1.0,200,Spices and Herbs
"Spices, oregano, dried","Tocopherol, beta",mg,2027,200,0.0,"tsp, leaves",1.0,1.0,200,Spices and Herbs
"Spices, oregano, dried",Threonine,g,2027,200,0.322,"tsp, leaves",1.0,1.0,200,Spices and Herbs
"Spices, oregano, dried",Thiamin,mg,2027,200,0.177,"tsp, leaves",1.0,1.0,200,Spices and Herbs
"Spices, oregano, dried",Theobromine,mg,2027,200,0.0,"tsp, leaves",1.0,1.0,200,Spices and Herbs
"Spices, oregano, dried","Sugars, total",g,2027,200,4.09,"tsp, leaves",1.0,1.0,200,Spices and Herbs
"Spices, oregano, dried",Sucrose,g,2027,200,0.91,"tsp, leaves",1.0,1.0,200,Spices and Herbs
"Spices, oregano, dried",Sodium,mg,2027,200,25.0,"tsp, leaves",1.0,1.0,200,Spices and Herbs
"Spices, oregano, dried",Serine,g,2027,200,0.314,"tsp, leaves",1.0,1.0,200,Spices and Herbs
"Spices, oregano, dried",Total lipid (fat),g,2027,200,4.28,"tsp, leaves",1.0,1.0,200,Spices and Herbs
"Spices, oregano, dried",Folate,µg,2027,200,237.0,"tsp, leaves",1.0,1.0,200,Spices and Herbs
"Spices, oregano, dried",Lutein + zeaxanthin,µg,2027,200,1895.0,"tsp, leaves",1.0,1.0,200,Spices and Herbs
"Spices, oregano, dried","Fatty acids, total trans",g,2027,200,0.0,"tsp, leaves",1.0,1.0,200,Spices and Herbs
"Spices, oregano, dried",20:4 undifferentiated,g,2027,200,0.0,"tsp, leaves",1.0,1.0,200,Spices and Herbs
"Spices, oregano, dried",20:3 undifferentiated,g,2027,200,0.0,"tsp, leaves",1.0,1.0,200,Spices and Herbs
"Spices, oregano, dried","20:2 n-6 c,c",g,2027,200,0.0,"tsp, leaves",1.0,1.0,200,Spices and Herbs
"Spices, oregano, dried",20:01,g,2027,200,0.0,"tsp, leaves",1.0,1.0,200,Spices and Herbs
"Spices, oregano, dried",20:00,g,2027,200,0.0,"tsp, leaves",1.0,1.0,200,Spices and Herbs
"Spices, oregano, dried",18:3 undifferentiated,g,2027,200,0.621,"tsp, leaves",1.0,1.0,200,Spices and Herbs
"Spices, oregano, dried","18:3 n-6 c,c,c",g,2027,200,0.0,"tsp, leaves",1.0,1.0,200,Spices and Herbs
"Spices, oregano, dried",18:2 undifferentiated,g,2027,200,0.748,"tsp, leaves",1.0,1.0,200,Spices and Herbs
"Spices, oregano, dried",18:1 undifferentiated,g,2027,200,0.712,"tsp, leaves",1.0,1.0,200,Spices and Herbs
"Spices, oregano, dried",18:1 t,g,2027,200,0.0,"tsp, leaves",1.0,1.0,200,Spices and Herbs
"Spices, oregano, dried",18:1 c,g,2027,200,0.712,"tsp, leaves",1.0,1.0,200,Spices and Herbs
"Spices, oregano, dried",18:00,g,2027,200,0.505,"tsp, leaves",1.0,1.0,200,Spices and Herbs
"Spices, oregano, dried",17:01,g,2027,200,0.0,"tsp, leaves",1.0,1.0,200,Spices and Herbs
"Spices, oregano, dried",17:00,g,2027,200,0.0,"tsp, leaves",1.0,1.0,200,Spices and Herbs
"Spices, oregano, dried",16:1 undifferentiated,g,2027,200,0.004,"tsp, leaves",1.0,1.0,200,Spices and Herbs
"Spices, oregano, dried",16:00,g,2027,200,0.792,"tsp, leaves",1.0,1.0,200,Spices and Herbs
"Spices, oregano, dried",15:01,g,2027,200,0.0,"tsp, leaves",1.0,1.0,200,Spices and Herbs
"Spices, oregano, dried",15:00,g,2027,200,0.0,"tsp, leaves",1.0,1.0,200,Spices and Herbs
"Spices, oregano, dried",14:01,g,2027,200,0.0,"tsp, leaves",1.0,1.0,200,Spices and Herbs
"Spices, oregano, dried",14:00,g,2027,200,0.004,"tsp, leaves",1.0,1.0,200,Spices and Herbs
"Spices, oregano, dried",13:00,g,2027,200,0.0,"tsp, leaves",1.0,1.0,200,Spices and Herbs
"Spices, oregano, dried",12:00,g,2027,200,0.246,"tsp, leaves",1.0,1.0,200,Spices and Herbs
"Spices, oregano, dried",10:00,g,2027,200,0.004,"tsp, leaves",1.0,1.0,200,Spices and Herbs
"Spices, oregano, dried",08:00,g,2027,200,0.0,"tsp, leaves",1.0,1.0,200,Spices and Herbs
"Spices, oregano, dried",06:00,g,2027,200,0.0,"tsp, leaves",1.0,1.0,200,Spices and Herbs
"Spices, oregano, dried",04:00,g,2027,200,0.0,"tsp, leaves",1.0,1.0,200,Spices and Herbs
"Spices, oregano, dried","Fatty acids, total trans-monoenoic",g,2027,200,0.0,"tsp, leaves",1.0,1.0,200,Spices and Herbs
"Spices, oregano, dried",20:5 n-3 (EPA),g,2027,200,0.0,"tsp, leaves",1.0,1.0,200,Spices and Herbs
"Spices, oregano, dried",22:00,g,2027,200,0.0,"tsp, leaves",1.0,1.0,200,Spices and Herbs
"Spices, oregano, dried",18:04,g,2027,200,0.0,"tsp, leaves",1.0,1.0,200,Spices and Herbs
"Spices, oregano, dried",22:5 n-3 (DPA),g,2027,200,0.0,"tsp, leaves",1.0,1.0,200,Spices and Herbs
"Spices, oregano, dried",22:1 undifferentiated,g,2027,200,0.0,"tsp, leaves",1.0,1.0,200,Spices and Herbs
"Spices, oregano, dried","Fatty acids, total polyunsaturated",g,2027,200,1.369,"tsp, leaves",1.0,1.0,200,Spices and Herbs
"Spices, oregano, dried","Fatty acids, total monounsaturated",g,2027,200,0.716,"tsp, leaves",1.0,1.0,200,Spices and Herbs
"Spices, oregano, dried",Energy,kcal,2027,200,265.0,"tsp, leaves",1.0,1.0,200,Spices and Herbs
"Spices, oregano, dried",Energy,kJ,2027,200,1107.0,"tsp, leaves",1.0,1.0,200,Spices and Herbs
"Spices, oregano, dried",Dihydrophylloquinone,µg,2027,200,0.0,"tsp, leaves",1.0,1.0,200,Spices and Herbs
"Spices, oregano, dried",Cystine,g,2027,200,0.11,"tsp, leaves",1.0,1.0,200,Spices and Herbs
"Spices, oregano, dried","Cryptoxanthin, beta",µg,2027,200,7.0,"tsp, leaves",1.0,1.0,200,Spices and Herbs
"Spices, oregano, dried",Copper,mg,2027,200,0.633,"tsp, leaves",1.0,1.0,200,Spices and Herbs
"Spices, oregano, dried",Choline,mg,2027,200,32.3,"tsp, leaves",1.0,1.0,200,Spices and Herbs
"Spices, oregano, dried",Cholesterol,mg,2027,200,0.0,"tsp, leaves",1.0,1.0,200,Spices and Herbs
"Spices, oregano, dried","Carotene, beta",µg,2027,200,1007.0,"tsp, leaves",1.0,1.0,200,Spices and Herbs
"Spices, oregano, dried","Carotene, alpha",µg,2027,200,20.0,"tsp, leaves",1.0,1.0,200,Spices and Herbs
"Spices, oregano, dried",Carbohydrate,g,2027,200,68.92,"tsp, leaves",1.0,1.0,200,Spices and Herbs
"Spices, oregano, dried","Fatty acids, total saturated",g,2027,200,1.551,"tsp, leaves",1.0,1.0,200,Spices and Herbs
"Spices, oregano, dried",Calcium,mg,2027,200,1597.0,"tsp, leaves",1.0,1.0,200,Spices and Herbs
"Spices, oregano, dried",24:00:00,g,2027,200,0.0,"tsp, leaves",1.0,1.0,200,Spices and Herbs
"Spices, oregano, dried",24:1 c,g,2027,200,0.0,"tsp, leaves",1.0,1.0,200,Spices and Herbs
"Spices, oregano, dried",Alanine,g,2027,200,0.5,"tsp, leaves",1.0,1.0,200,Spices and Herbs
"Spices, oregano, dried",Alcohol,g,2027,200,0.0,"tsp, leaves",1.0,1.0,200,Spices and Herbs
"Spices, oregano, dried",Alpha-Linolenic Acid,g,2027,200,0.621,"tsp, leaves",1.0,1.0,200,Spices and Herbs
"Spices, oregano, dried",22:6 n-3 (DHA),g,2027,200,0.0,"tsp, leaves",1.0,1.0,200,Spices and Herbs
"Spices, oregano, dried",Ash,g,2027,200,7.87,"tsp, leaves",1.0,1.0,200,Spices and Herbs
"Spices, oregano, dried",Aspartic acid,g,2027,200,1.009,"tsp, leaves",1.0,1.0,200,Spices and Herbs
"Spices, oregano, dried",Betaine,mg,2027,200,9.8,"tsp, leaves",1.0,1.0,200,Spices and Herbs
"Spices, oregano, dried",Caffeine,mg,2027,200,0.0,"tsp, leaves",1.0,1.0,200,Spices and Herbs
"Spices, oregano, dried",Arginine,g,2027,200,0.449,"tsp, leaves",1.0,1.0,200,Spices and Herbs
"Spices, paprika",Manganese,mg,2028,200,1.59,tsp,1.0,2.3,200,Spices and Herbs
"Spices, paprika",Methionine,g,2028,200,0.2,tsp,1.0,2.3,200,Spices and Herbs
"Spices, paprika",Niacin,mg,2028,200,10.06,tsp,1.0,2.3,200,Spices and Herbs
"Spices, paprika",Pantothenic Acid,mg,2028,200,2.51,tsp,1.0,2.3,200,Spices and Herbs
"Spices, paprika",Phenylalanine,g,2028,200,0.61,tsp,1.0,2.3,200,Spices and Herbs
"Spices, paprika",Potassium,mg,2028,200,2280.0,tsp,1.0,2.3,200,Spices and Herbs
"Spices, paprika",Phytosterols,mg,2028,200,175.0,tsp,1.0,2.3,200,Spices and Herbs
"Spices, paprika",Proline,g,2028,200,2.31,tsp,1.0,2.3,200,Spices and Herbs
"Spices, paprika",Protein,g,2028,200,14.14,tsp,1.0,2.3,200,Spices and Herbs
"Spices, paprika",Maltose,g,2028,200,0.0,tsp,1.0,2.3,200,Spices and Herbs
"Spices, paprika",Retinol,µg,2028,200,0.0,tsp,1.0,2.3,200,Spices and Herbs
"Spices, paprika",Phosphorus,mg,2028,200,314.0,tsp,1.0,2.3,200,Spices and Herbs
"Spices, paprika",Magnesium,mg,2028,200,178.0,tsp,1.0,2.3,200,Spices and Herbs
"Spices, paprika",Isoleucine,g,2028,200,0.57,tsp,1.0,2.3,200,Spices and Herbs
"Spices, paprika",Lycopene,µg,2028,200,0.0,tsp,1.0,2.3,200,Spices and Herbs
"Spices, paprika",Lutein + zeaxanthin,µg,2028,200,18944.0,tsp,1.0,2.3,200,Spices and Herbs
"Spices, paprika",Leucine,g,2028,200,0.92,tsp,1.0,2.3,200,Spices and Herbs
"Spices, paprika",Lactose,g,2028,200,0.0,tsp,1.0,2.3,200,Spices and Herbs
"Spices, paprika",Fructose,g,2028,200,6.71,tsp,1.0,2.3,200,Spices and Herbs
"Spices, paprika",Iron,mg,2028,200,21.14,tsp,1.0,2.3,200,Spices and Herbs
"Spices, paprika",Hydroxyproline,g,2028,200,0.0,tsp,1.0,2.3,200,Spices and Herbs
"Spices, paprika",Histidine,g,2028,200,0.25,tsp,1.0,2.3,200,Spices and Herbs
"Spices, paprika",Glycine,g,2028,200,0.78,tsp,1.0,2.3,200,Spices and Herbs
"Spices, paprika",Glutamic acid,g,2028,200,2.26,tsp,1.0,2.3,200,Spices and Herbs
"Spices, paprika",Glucose (dextrose),g,2028,200,2.63,tsp,1.0,2.3,200,Spices and Herbs
"Spices, paprika",Galactose,g,2028,200,0.19,tsp,1.0,2.3,200,Spices and Herbs
"Spices, paprika",Riboflavin,mg,2028,200,1.23,tsp,1.0,2.3,200,Spices and Herbs
"Spices, paprika",Lysine,g,2028,200,0.69,tsp,1.0,2.3,200,Spices and Herbs
"Spices, paprika",Selenium,µg,2028,200,6.3,tsp,1.0,2.3,200,Spices and Herbs
"Spices, paprika",Zinc,mg,2028,200,4.33,tsp,1.0,2.3,200,Spices and Herbs
"Spices, paprika",Sodium,mg,2028,200,68.0,tsp,1.0,2.3,200,Spices and Herbs
"Spices, paprika",Folic acid,µg,2028,200,0.0,tsp,1.0,2.3,200,Spices and Herbs
"Spices, paprika",Vitamin K,µg,2028,200,80.3,tsp,1.0,2.3,200,Spices and Herbs
"Spices, paprika","Vitamin E, added",mg,2028,200,0.0,tsp,1.0,2.3,200,Spices and Herbs
"Spices, paprika",Vitamin E,mg,2028,200,29.1,tsp,1.0,2.3,200,Spices and Herbs
"Spices, paprika",Vitamin D,µg,2028,200,0.0,tsp,1.0,2.3,200,Spices and Herbs
"Spices, paprika",Vitamin C,mg,2028,200,0.9,tsp,1.0,2.3,200,Spices and Herbs
"Spices, paprika",Vitamin B-6,mg,2028,200,2.141,tsp,1.0,2.3,200,Spices and Herbs
"Spices, paprika","Vitamin B-12, added",µg,2028,200,0.0,tsp,1.0,2.3,200,Spices and Herbs
"Spices, paprika",Vitamin B-12,µg,2028,200,0.0,tsp,1.0,2.3,200,Spices and Herbs
"Spices, paprika",Vitamin A,µg,2028,200,2463.0,tsp,1.0,2.3,200,Spices and Herbs
"Spices, paprika",Valine,g,2028,200,0.75,tsp,1.0,2.3,200,Spices and Herbs
"Spices, paprika",Tyrosine,g,2028,200,0.38,tsp,1.0,2.3,200,Spices and Herbs
"Spices, paprika",Tryptophan,g,2028,200,0.07,tsp,1.0,2.3,200,Spices and Herbs
"Spices, paprika",Serine,g,2028,200,0.61,tsp,1.0,2.3,200,Spices and Herbs
"Spices, paprika",Total lipid (fat),g,2028,200,12.89,tsp,1.0,2.3,200,Spices and Herbs
"Spices, paprika",Total Fiber,g,2028,200,34.9,tsp,1.0,2.3,200,Spices and Herbs
"Spices, paprika","Tocotrienol, gamma",mg,2028,200,0.09,tsp,1.0,2.3,200,Spices and Herbs
"Spices, paprika","Tocotrienol, delta",mg,2028,200,0.0,tsp,1.0,2.3,200,Spices and Herbs
"Spices, paprika","Tocotrienol, beta",mg,2028,200,0.0,tsp,1.0,2.3,200,Spices and Herbs
"Spices, paprika","Tocotrienol, alpha",mg,2028,200,3.95,tsp,1.0,2.3,200,Spices and Herbs
"Spices, paprika","Tocopherol, gamma",mg,2028,200,3.54,tsp,1.0,2.3,200,Spices and Herbs
"Spices, paprika","Tocopherol, delta",mg,2028,200,0.25,tsp,1.0,2.3,200,Spices and Herbs
"Spices, paprika","Tocopherol, beta",mg,2028,200,0.35,tsp,1.0,2.3,200,Spices and Herbs
"Spices, paprika",Threonine,g,2028,200,0.49,tsp,1.0,2.3,200,Spices and Herbs
"Spices, paprika",Thiamin,mg,2028,200,0.33,tsp,1.0,2.3,200,Spices and Herbs
"Spices, paprika",Theobromine,mg,2028,200,0.0,tsp,1.0,2.3,200,Spices and Herbs
"Spices, paprika","Sugars, total",g,2028,200,10.34,tsp,1.0,2.3,200,Spices and Herbs
"Spices, paprika",Sucrose,g,2028,200,0.81,tsp,1.0,2.3,200,Spices and Herbs
"Spices, paprika",Total Water,g,2028,200,11.24,tsp,1.0,2.3,200,Spices and Herbs
"Spices, paprika","Folate, food",µg,2028,200,49.0,tsp,1.0,2.3,200,Spices and Herbs
"Spices, paprika",18:2 undifferentiated,g,2028,200,7.314,tsp,1.0,2.3,200,Spices and Herbs
"Spices, paprika",Folate,µg,2028,200,49.0,tsp,1.0,2.3,200,Spices and Herbs
"Spices, paprika",20:5 n-3 (EPA),g,2028,200,0.0,tsp,1.0,2.3,200,Spices and Herbs
"Spices, paprika",20:4 undifferentiated,g,2028,200,0.0,tsp,1.0,2.3,200,Spices and Herbs
"Spices, paprika",20:3 undifferentiated,g,2028,200,0.0,tsp,1.0,2.3,200,Spices and Herbs
"Spices, paprika","20:2 n-6 c,c",g,2028,200,0.0,tsp,1.0,2.3,200,Spices and Herbs
"Spices, paprika",20:01,g,2028,200,0.023,tsp,1.0,2.3,200,Spices and Herbs
"Spices, paprika",20:00,g,2028,200,0.047,tsp,1.0,2.3,200,Spices and Herbs
"Spices, paprika",18:3 undifferentiated,g,2028,200,0.453,tsp,1.0,2.3,200,Spices and Herbs
"Spices, paprika","18:3 n-6 c,c,c",g,2028,200,0.0,tsp,1.0,2.3,200,Spices and Herbs
"Spices, paprika",18:1 undifferentiated,g,2028,200,1.603,tsp,1.0,2.3,200,Spices and Herbs
"Spices, paprika",18:1 t,g,2028,200,0.0,tsp,1.0,2.3,200,Spices and Herbs
"Spices, paprika",18:1 c,g,2028,200,1.603,tsp,1.0,2.3,200,Spices and Herbs
"Spices, paprika",18:04,g,2028,200,0.0,tsp,1.0,2.3,200,Spices and Herbs
"Spices, paprika",17:01,g,2028,200,0.0,tsp,1.0,2.3,200,Spices and Herbs
"Spices, paprika",17:00,g,2028,200,0.0,tsp,1.0,2.3,200,Spices and Herbs
"Spices, paprika",16:1 undifferentiated,g,2028,200,0.069,tsp,1.0,2.3,200,Spices and Herbs
"Spices, paprika",16:00,g,2028,200,1.468,tsp,1.0,2.3,200,Spices and Herbs
"Spices, paprika",15:01,g,2028,200,0.0,tsp,1.0,2.3,200,Spices and Herbs
"Spices, paprika",15:00,g,2028,200,0.0,tsp,1.0,2.3,200,Spices and Herbs
"Spices, paprika",14:01,g,2028,200,0.0,tsp,1.0,2.3,200,Spices and Herbs
"Spices, paprika",14:00,g,2028,200,0.172,tsp,1.0,2.3,200,Spices and Herbs
"Spices, paprika",13:00,g,2028,200,0.0,tsp,1.0,2.3,200,Spices and Herbs
"Spices, paprika",12:00,g,2028,200,0.068,tsp,1.0,2.3,200,Spices and Herbs
"Spices, paprika",10:00,g,2028,200,0.0,tsp,1.0,2.3,200,Spices and Herbs
"Spices, paprika",08:00,g,2028,200,0.0,tsp,1.0,2.3,200,Spices and Herbs
"Spices, paprika",06:00,g,2028,200,0.0,tsp,1.0,2.3,200,Spices and Herbs
"Spices, paprika",04:00,g,2028,200,0.0,tsp,1.0,2.3,200,Spices and Herbs
"Spices, paprika","Folate, DFE",µg,2028,200,49.0,tsp,1.0,2.3,200,Spices and Herbs
"Spices, paprika",22:00,g,2028,200,0.047,tsp,1.0,2.3,200,Spices and Herbs
"Spices, paprika",22:1 undifferentiated,g,2028,200,0.0,tsp,1.0,2.3,200,Spices and Herbs
"Spices, paprika",18:00,g,2028,200,0.337,tsp,1.0,2.3,200,Spices and Herbs
"Spices, paprika",22:6 n-3 (DHA),g,2028,200,0.0,tsp,1.0,2.3,200,Spices and Herbs
"Spices, paprika","Fatty acids, total trans-monoenoic",g,2028,200,0.0,tsp,1.0,2.3,200,Spices and Herbs
"Spices, paprika",22:5 n-3 (DPA),g,2028,200,0.0,tsp,1.0,2.3,200,Spices and Herbs
"Spices, paprika","Fatty acids, total trans",g,2028,200,0.0,tsp,1.0,2.3,200,Spices and Herbs
"Spices, paprika","Fatty acids, total saturated",g,2028,200,2.14,tsp,1.0,2.3,200,Spices and Herbs
"Spices, paprika","Fatty acids, total polyunsaturated",g,2028,200,7.766,tsp,1.0,2.3,200,Spices and Herbs
"Spices, paprika","Fatty acids, total monounsaturated",g,2028,200,1.695,tsp,1.0,2.3,200,Spices and Herbs
"Spices, paprika",Energy,kcal,2028,200,282.0,tsp,1.0,2.3,200,Spices and Herbs
"Spices, paprika",Energy,kJ,2028,200,1181.0,tsp,1.0,2.3,200,Spices and Herbs
"Spices, paprika",Dihydrophylloquinone,µg,2028,200,0.0,tsp,1.0,2.3,200,Spices and Herbs
"Spices, paprika","Cryptoxanthin, beta",µg,2028,200,6186.0,tsp,1.0,2.3,200,Spices and Herbs
"Spices, paprika",Copper,mg,2028,200,0.713,tsp,1.0,2.3,200,Spices and Herbs
"Spices, paprika",Choline,mg,2028,200,51.5,tsp,1.0,2.3,200,Spices and Herbs
"Spices, paprika",Cholesterol,mg,2028,200,0.0,tsp,1.0,2.3,200,Spices and Herbs
"Spices, paprika","Carotene, beta",µg,2028,200,26162.0,tsp,1.0,2.3,200,Spices and Herbs
"Spices, paprika",Cystine,g,2028,200,0.23,tsp,1.0,2.3,200,Spices and Herbs
"Spices, paprika",24:1 c,g,2028,200,0.0,tsp,1.0,2.3,200,Spices and Herbs
"Spices, paprika",24:00:00,g,2028,200,0.0,tsp,1.0,2.3,200,Spices and Herbs
"Spices, paprika","Carotene, alpha",µg,2028,200,595.0,tsp,1.0,2.3,200,Spices and Herbs
"Spices, paprika",Alanine,g,2028,200,0.64,tsp,1.0,2.3,200,Spices and Herbs
"Spices, paprika",Alcohol,g,2028,200,0.0,tsp,1.0,2.3,200,Spices and Herbs
"Spices, paprika",Alpha-Linolenic Acid,g,2028,200,0.453,tsp,1.0,2.3,200,Spices and Herbs
"Spices, paprika",Ash,g,2028,200,7.74,tsp,1.0,2.3,200,Spices and Herbs
"Spices, paprika",Arginine,g,2028,200,0.89,tsp,1.0,2.3,200,Spices and Herbs
"Spices, paprika",Betaine,mg,2028,200,7.1,tsp,1.0,2.3,200,Spices and Herbs
"Spices, paprika",Caffeine,mg,2028,200,0.0,tsp,1.0,2.3,200,Spices and Herbs
"Spices, paprika",Calcium,mg,2028,200,229.0,tsp,1.0,2.3,200,Spices and Herbs
"Spices, paprika",Carbohydrate,g,2028,200,53.99,tsp,1.0,2.3,200,Spices and Herbs
"Spices, paprika",Aspartic acid,g,2028,200,2.85,tsp,1.0,2.3,200,Spices and Herbs
"Spices, parsley, dried",Lysine,g,2029,200,2.098,tsp,1.0,0.5,200,Spices and Herbs
"Spices, parsley, dried",Manganese,mg,2029,200,9.81,tsp,1.0,0.5,200,Spices and Herbs
"Spices, parsley, dried",Lycopene,µg,2029,200,0.0,tsp,1.0,0.5,200,Spices and Herbs
"Spices, parsley, dried",Magnesium,mg,2029,200,400.0,tsp,1.0,0.5,200,Spices and Herbs
"Spices, parsley, dried",Maltose,g,2029,200,0.0,tsp,1.0,0.5,200,Spices and Herbs
"Spices, parsley, dried",Methionine,g,2029,200,0.596,tsp,1.0,0.5,200,Spices and Herbs
"Spices, parsley, dried",Potassium,mg,2029,200,2683.0,tsp,1.0,0.5,200,Spices and Herbs
"Spices, parsley, dried",Pantothenic Acid,mg,2029,200,1.062,tsp,1.0,0.5,200,Spices and Herbs
"Spices, parsley, dried",Phenylalanine,g,2029,200,1.712,tsp,1.0,0.5,200,Spices and Herbs
"Spices, parsley, dried",Phosphorus,mg,2029,200,436.0,tsp,1.0,0.5,200,Spices and Herbs
"Spices, parsley, dried",Proline,g,2029,200,2.01,tsp,1.0,0.5,200,Spices and Herbs
"Spices, parsley, dried",Lutein + zeaxanthin,µg,2029,200,2428.0,tsp,1.0,0.5,200,Spices and Herbs
"Spices, parsley, dried",Niacin,mg,2029,200,9.943,tsp,1.0,0.5,200,Spices and Herbs
"Spices, parsley, dried",Leucine,g,2029,200,2.794,tsp,1.0,0.5,200,Spices and Herbs
"Spices, parsley, dried",Folate,µg,2029,200,180.0,tsp,1.0,0.5,200,Spices and Herbs
"Spices, parsley, dried",Isoleucine,g,2029,200,1.546,tsp,1.0,0.5,200,Spices and Herbs
"Spices, parsley, dried",Iron,mg,2029,200,22.04,tsp,1.0,0.5,200,Spices and Herbs
"Spices, parsley, dried",Hydroxyproline,g,2029,200,0.0,tsp,1.0,0.5,200,Spices and Herbs
"Spices, parsley, dried",Histidine,g,2029,200,0.718,tsp,1.0,0.5,200,Spices and Herbs
"Spices, parsley, dried",Glycine,g,2029,200,1.756,tsp,1.0,0.5,200,Spices and Herbs
"Spices, parsley, dried",Glutamic acid,g,2029,200,3.688,tsp,1.0,0.5,200,Spices and Herbs
"Spices, parsley, dried",Glucose (dextrose),g,2029,200,2.76,tsp,1.0,0.5,200,Spices and Herbs
"Spices, parsley, dried",Galactose,g,2029,200,0.0,tsp,1.0,0.5,200,Spices and Herbs
"Spices, parsley, dried",Fructose,g,2029,200,0.42,tsp,1.0,0.5,200,Spices and Herbs
"Spices, parsley, dried",Folic acid,µg,2029,200,0.0,tsp,1.0,0.5,200,Spices and Herbs
"Spices, parsley, dried","Folate, food",µg,2029,200,180.0,tsp,1.0,0.5,200,Spices and Herbs
"Spices, parsley, dried","Folate, DFE",µg,2029,200,180.0,tsp,1.0,0.5,200,Spices and Herbs
"Spices, parsley, dried",Protein,g,2029,200,26.63,tsp,1.0,0.5,200,Spices and Herbs
"Spices, parsley, dried","Fatty acids, total trans-monoenoic",g,2029,200,0.0,tsp,1.0,0.5,200,Spices and Herbs
"Spices, parsley, dried",Lactose,g,2029,200,0.0,tsp,1.0,0.5,200,Spices and Herbs
"Spices, parsley, dried",Retinol,µg,2029,200,0.0,tsp,1.0,0.5,200,Spices and Herbs
"Spices, parsley, dried","Vitamin E, added",mg,2029,200,0.0,tsp,1.0,0.5,200,Spices and Herbs
"Spices, parsley, dried",Selenium,µg,2029,200,14.1,tsp,1.0,0.5,200,Spices and Herbs
"Spices, parsley, dried","Fatty acids, total trans",g,2029,200,0.0,tsp,1.0,0.5,200,Spices and Herbs
"Spices, parsley, dried",Zinc,mg,2029,200,5.44,tsp,1.0,0.5,200,Spices and Herbs
"Spices, parsley, dried",Vitamin K,µg,2029,200,1359.5,tsp,1.0,0.5,200,Spices and Herbs
"Spices, parsley, dried",Vitamin E,mg,2029,200,8.96,tsp,1.0,0.5,200,Spices and Herbs
"Spices, parsley, dried",Vitamin D,µg,2029,200,0.0,tsp,1.0,0.5,200,Spices and Herbs
"Spices, parsley, dried",Vitamin C,mg,2029,200,125.0,tsp,1.0,0.5,200,Spices and Herbs
"Spices, parsley, dried",Vitamin B-6,mg,2029,200,0.9,tsp,1.0,0.5,200,Spices and Herbs
"Spices, parsley, dried","Vitamin B-12, added",µg,2029,200,0.0,tsp,1.0,0.5,200,Spices and Herbs
"Spices, parsley, dried",Vitamin B-12,µg,2029,200,0.0,tsp,1.0,0.5,200,Spices and Herbs
"Spices, parsley, dried",Vitamin A,µg,2029,200,97.0,tsp,1.0,0.5,200,Spices and Herbs
"Spices, parsley, dried",Valine,g,2029,200,2.021,tsp,1.0,0.5,200,Spices and Herbs
"Spices, parsley, dried",Tyrosine,g,2029,200,1.159,tsp,1.0,0.5,200,Spices and Herbs
"Spices, parsley, dried",Tryptophan,g,2029,200,0.475,tsp,1.0,0.5,200,Spices and Herbs
"Spices, parsley, dried",Total lipid (fat),g,2029,200,5.48,tsp,1.0,0.5,200,Spices and Herbs
"Spices, parsley, dried",Riboflavin,mg,2029,200,2.383,tsp,1.0,0.5,200,Spices and Herbs
"Spices, parsley, dried",Total Water,g,2029,200,5.89,tsp,1.0,0.5,200,Spices and Herbs
"Spices, parsley, dried","Tocotrienol, gamma",mg,2029,200,0.0,tsp,1.0,0.5,200,Spices and Herbs
"Spices, parsley, dried","Tocotrienol, delta",mg,2029,200,0.0,tsp,1.0,0.5,200,Spices and Herbs
"Spices, parsley, dried","Tocotrienol, beta",mg,2029,200,0.0,tsp,1.0,0.5,200,Spices and Herbs
"Spices, parsley, dried","Tocotrienol, alpha",mg,2029,200,0.0,tsp,1.0,0.5,200,Spices and Herbs
"Spices, parsley, dried","Tocopherol, gamma",mg,2029,200,1.53,tsp,1.0,0.5,200,Spices and Herbs
"Spices, parsley, dried","Tocopherol, delta",mg,2029,200,0.0,tsp,1.0,0.5,200,Spices and Herbs
"Spices, parsley, dried","Tocopherol, beta",mg,2029,200,0.02,tsp,1.0,0.5,200,Spices and Herbs
"Spices, parsley, dried",Threonine,g,2029,200,1.193,tsp,1.0,0.5,200,Spices and Herbs
"Spices, parsley, dried",Thiamin,mg,2029,200,0.196,tsp,1.0,0.5,200,Spices and Herbs
"Spices, parsley, dried",Theobromine,mg,2029,200,0.0,tsp,1.0,0.5,200,Spices and Herbs
"Spices, parsley, dried","Sugars, total",g,2029,200,7.27,tsp,1.0,0.5,200,Spices and Herbs
"Spices, parsley, dried",Sucrose,g,2029,200,4.09,tsp,1.0,0.5,200,Spices and Herbs
"Spices, parsley, dried",Sodium,mg,2029,200,452.0,tsp,1.0,0.5,200,Spices and Herbs
"Spices, parsley, dried",Serine,g,2029,200,1.159,tsp,1.0,0.5,200,Spices and Herbs
"Spices, parsley, dried",Total Fiber,g,2029,200,26.7,tsp,1.0,0.5,200,Spices and Herbs
"Spices, parsley, dried","Fatty acids, total saturated",g,2029,200,1.378,tsp,1.0,0.5,200,Spices and Herbs
"Spices, parsley, dried",15:00,g,2029,200,0.0,tsp,1.0,0.5,200,Spices and Herbs
"Spices, parsley, dried","Fatty acids, total monounsaturated",g,2029,200,0.761,tsp,1.0,0.5,200,Spices and Herbs
"Spices, parsley, dried",20:3 n-3,g,2029,200,0.0,tsp,1.0,0.5,200,Spices and Herbs
"Spices, parsley, dried","20:2 n-6 c,c",g,2029,200,0.0,tsp,1.0,0.5,200,Spices and Herbs
"Spices, parsley, dried",20:01,g,2029,200,0.0,tsp,1.0,0.5,200,Spices and Herbs
"Spices, parsley, dried",20:00,g,2029,200,0.005,tsp,1.0,0.5,200,Spices and Herbs
"Spices, parsley, dried",18:3 undifferentiated,g,2029,200,1.876,tsp,1.0,0.5,200,Spices and Herbs
"Spices, parsley, dried","18:3 n-6 c,c,c",g,2029,200,0.016,tsp,1.0,0.5,200,Spices and Herbs
"Spices, parsley, dried",18:2 undifferentiated,g,2029,200,1.248,tsp,1.0,0.5,200,Spices and Herbs
"Spices, parsley, dried","18:2 n-6 c,c",g,2029,200,1.248,tsp,1.0,0.5,200,Spices and Herbs
"Spices, parsley, dried",18:2 CLAs,g,2029,200,0.0,tsp,1.0,0.5,200,Spices and Herbs
"Spices, parsley, dried",18:1 undifferentiated,g,2029,200,0.761,tsp,1.0,0.5,200,Spices and Herbs
"Spices, parsley, dried",18:1 t,g,2029,200,0.0,tsp,1.0,0.5,200,Spices and Herbs
"Spices, parsley, dried",18:1 c,g,2029,200,0.761,tsp,1.0,0.5,200,Spices and Herbs
"Spices, parsley, dried",18:04,g,2029,200,0.0,tsp,1.0,0.5,200,Spices and Herbs
"Spices, parsley, dried",18:00,g,2029,200,0.058,tsp,1.0,0.5,200,Spices and Herbs
"Spices, parsley, dried",17:01,g,2029,200,0.0,tsp,1.0,0.5,200,Spices and Herbs
"Spices, parsley, dried",17:00,g,2029,200,0.0,tsp,1.0,0.5,200,Spices and Herbs
"Spices, parsley, dried",16:1 undifferentiated,g,2029,200,0.0,tsp,1.0,0.5,200,Spices and Herbs
"Spices, parsley, dried",16:1 t,g,2029,200,0.0,tsp,1.0,0.5,200,Spices and Herbs
"Spices, parsley, dried",16:1 c,g,2029,200,0.0,tsp,1.0,0.5,200,Spices and Herbs
"Spices, parsley, dried",16:00,g,2029,200,1.223,tsp,1.0,0.5,200,Spices and Herbs
"Spices, parsley, dried",15:01,g,2029,200,0.0,tsp,1.0,0.5,200,Spices and Herbs
"Spices, parsley, dried",14:01,g,2029,200,0.0,tsp,1.0,0.5,200,Spices and Herbs
"Spices, parsley, dried",14:00,g,2029,200,0.0,tsp,1.0,0.5,200,Spices and Herbs
"Spices, parsley, dried",13:00,g,2029,200,0.0,tsp,1.0,0.5,200,Spices and Herbs
"Spices, parsley, dried",12:00,g,2029,200,0.0,tsp,1.0,0.5,200,Spices and Herbs
"Spices, parsley, dried",10:00,g,2029,200,0.0,tsp,1.0,0.5,200,Spices and Herbs
"Spices, parsley, dried",08:00,g,2029,200,0.0,tsp,1.0,0.5,200,Spices and Herbs
"Spices, parsley, dried",04:00,g,2029,200,0.0,tsp,1.0,0.5,200,Spices and Herbs
"Spices, parsley, dried","Fatty acids, total polyunsaturated",g,2029,200,3.124,tsp,1.0,0.5,200,Spices and Herbs
"Spices, parsley, dried",20:3 n-6,g,2029,200,0.0,tsp,1.0,0.5,200,Spices and Herbs
"Spices, parsley, dried",20:3 undifferentiated,g,2029,200,0.0,tsp,1.0,0.5,200,Spices and Herbs
"Spices, parsley, dried",06:00,g,2029,200,0.0,tsp,1.0,0.5,200,Spices and Herbs
"Spices, parsley, dried",20:5 n-3 (EPA),g,2029,200,0.0,tsp,1.0,0.5,200,Spices and Herbs
"Spices, parsley, dried",Energy,kcal,2029,200,292.0,tsp,1.0,0.5,200,Spices and Herbs
"Spices, parsley, dried",Energy,kJ,2029,200,1220.0,tsp,1.0,0.5,200,Spices and Herbs
"Spices, parsley, dried",Dihydrophylloquinone,µg,2029,200,0.0,tsp,1.0,0.5,200,Spices and Herbs
"Spices, parsley, dried",Cystine,g,2029,200,0.298,tsp,1.0,0.5,200,Spices and Herbs
"Spices, parsley, dried","Cryptoxanthin, beta",µg,2029,200,4.0,tsp,1.0,0.5,200,Spices and Herbs
"Spices, parsley, dried",Copper,mg,2029,200,0.78,tsp,1.0,0.5,200,Spices and Herbs
"Spices, parsley, dried",Choline,mg,2029,200,97.1,tsp,1.0,0.5,200,Spices and Herbs
"Spices, parsley, dried",Cholesterol,mg,2029,200,0.0,tsp,1.0,0.5,200,Spices and Herbs
"Spices, parsley, dried",20:4 undifferentiated,g,2029,200,0.0,tsp,1.0,0.5,200,Spices and Herbs
"Spices, parsley, dried","Carotene, alpha",µg,2029,200,17.0,tsp,1.0,0.5,200,Spices and Herbs
"Spices, parsley, dried",Carbohydrate,g,2029,200,50.64,tsp,1.0,0.5,200,Spices and Herbs
"Spices, parsley, dried",Calcium,mg,2029,200,1140.0,tsp,1.0,0.5,200,Spices and Herbs
"Spices, parsley, dried",Caffeine,mg,2029,200,0.0,tsp,1.0,0.5,200,Spices and Herbs
"Spices, parsley, dried",Betaine,mg,2029,200,1.7,tsp,1.0,0.5,200,Spices and Herbs
"Spices, parsley, dried","Carotene, beta",µg,2029,200,1152.0,tsp,1.0,0.5,200,Spices and Herbs
"Spices, parsley, dried",Ash,g,2029,200,11.36,tsp,1.0,0.5,200,Spices and Herbs
"Spices, parsley, dried",22:04,g,2029,200,0.0,tsp,1.0,0.5,200,Spices and Herbs
"Spices, parsley, dried",Aspartic acid,g,2029,200,3.169,tsp,1.0,0.5,200,Spices and Herbs
"Spices, parsley, dried",22:1 c,g,2029,200,0.0,tsp,1.0,0.5,200,Spices and Herbs
"Spices, parsley, dried",22:1 t,g,2029,200,0.0,tsp,1.0,0.5,200,Spices and Herbs
"Spices, parsley, dried",22:1 undifferentiated,g,2029,200,0.0,tsp,1.0,0.5,200,Spices and Herbs
"Spices, parsley, dried",22:6 n-3 (DHA),g,2029,200,0.0,tsp,1.0,0.5,200,Spices and Herbs
"Spices, parsley, dried",22:5 n-3 (DPA),g,2029,200,0.0,tsp,1.0,0.5,200,Spices and Herbs
"Spices, parsley, dried",22:00,g,2029,200,0.028,tsp,1.0,0.5,200,Spices and Herbs
"Spices, parsley, dried",24:1 c,g,2029,200,0.0,tsp,1.0,0.5,200,Spices and Herbs
"Spices, parsley, dried",Alanine,g,2029,200,1.778,tsp,1.0,0.5,200,Spices and Herbs
"Spices, parsley, dried",Alcohol,g,2029,200,0.0,tsp,1.0,0.5,200,Spices and Herbs
"Spices, parsley, dried",Alpha-Linolenic Acid,g,2029,200,1.86,tsp,1.0,0.5,200,Spices and Herbs
"Spices, parsley, dried",Arginine,g,2029,200,1.756,tsp,1.0,0.5,200,Spices and Herbs
"Spices, parsley, dried",24:00:00,g,2029,200,0.063,tsp,1.0,0.5,200,Spices and Herbs
"Spices, pepper, black",Niacin,mg,2030,200,1.143,"tsp, ground",1.0,2.3,200,Spices and Herbs
"Spices, pepper, black",Maltose,g,2030,200,0.0,"tsp, ground",1.0,2.3,200,Spices and Herbs
"Spices, pepper, black",Manganese,mg,2030,200,12.753,"tsp, ground",1.0,2.3,200,Spices and Herbs
"Spices, pepper, black",Methionine,g,2030,200,0.096,"tsp, ground",1.0,2.3,200,Spices and Herbs
"Spices, pepper, black",Pantothenic Acid,mg,2030,200,1.399,"tsp, ground",1.0,2.3,200,Spices and Herbs
"Spices, pepper, black",Protein,g,2030,200,10.39,"tsp, ground",1.0,2.3,200,Spices and Herbs
"Spices, pepper, black",Phosphorus,mg,2030,200,158.0,"tsp, ground",1.0,2.3,200,Spices and Herbs
"Spices, pepper, black",Phytosterols,mg,2030,200,92.0,"tsp, ground",1.0,2.3,200,Spices and Herbs
"Spices, pepper, black",Potassium,mg,2030,200,1329.0,"tsp, ground",1.0,2.3,200,Spices and Herbs
"Spices, pepper, black",Proline,g,2030,200,1.413,"tsp, ground",1.0,2.3,200,Spices and Herbs
"Spices, pepper, black",Retinol,µg,2030,200,0.0,"tsp, ground",1.0,2.3,200,Spices and Herbs
"Spices, pepper, black",Phenylalanine,g,2030,200,0.446,"tsp, ground",1.0,2.3,200,Spices and Herbs
"Spices, pepper, black",Magnesium,mg,2030,200,171.0,"tsp, ground",1.0,2.3,200,Spices and Herbs
"Spices, pepper, black",Galactose,g,2030,200,0.15,"tsp, ground",1.0,2.3,200,Spices and Herbs
"Spices, pepper, black",Lycopene,µg,2030,200,20.0,"tsp, ground",1.0,2.3,200,Spices and Herbs
"Spices, pepper, black",Lutein + zeaxanthin,µg,2030,200,454.0,"tsp, ground",1.0,2.3,200,Spices and Herbs
"Spices, pepper, black",Leucine,g,2030,200,1.014,"tsp, ground",1.0,2.3,200,Spices and Herbs
"Spices, pepper, black",Lactose,g,2030,200,0.0,"tsp, ground",1.0,2.3,200,Spices and Herbs
"Spices, pepper, black",Isoleucine,g,2030,200,0.366,"tsp, ground",1.0,2.3,200,Spices and Herbs
"Spices, pepper, black",Iron,mg,2030,200,9.71,"tsp, ground",1.0,2.3,200,Spices and Herbs
"Spices, pepper, black",Hydroxyproline,g,2030,200,0.0,"tsp, ground",1.0,2.3,200,Spices and Herbs
"Spices, pepper, black",Histidine,g,2030,200,0.159,"tsp, ground",1.0,2.3,200,Spices and Herbs
"Spices, pepper, black",Glycine,g,2030,200,0.441,"tsp, ground",1.0,2.3,200,Spices and Herbs
"Spices, pepper, black",Glutamic acid,g,2030,200,1.413,"tsp, ground",1.0,2.3,200,Spices and Herbs
"Spices, pepper, black",Glucose (dextrose),g,2030,200,0.24,"tsp, ground",1.0,2.3,200,Spices and Herbs
"Spices, pepper, black",Riboflavin,mg,2030,200,0.18,"tsp, ground",1.0,2.3,200,Spices and Herbs
"Spices, pepper, black",Fructose,g,2030,200,0.23,"tsp, ground",1.0,2.3,200,Spices and Herbs
"Spices, pepper, black",Lysine,g,2030,200,0.244,"tsp, ground",1.0,2.3,200,Spices and Herbs
"Spices, pepper, black",Selenium,µg,2030,200,4.9,"tsp, ground",1.0,2.3,200,Spices and Herbs
"Spices, pepper, black",Total Fiber,g,2030,200,25.3,"tsp, ground",1.0,2.3,200,Spices and Herbs
"Spices, pepper, black",Sodium,mg,2030,200,20.0,"tsp, ground",1.0,2.3,200,Spices and Herbs
"Spices, pepper, black",Zinc,mg,2030,200,1.19,"tsp, ground",1.0,2.3,200,Spices and Herbs
"Spices, pepper, black",Folic acid,µg,2030,200,0.0,"tsp, ground",1.0,2.3,200,Spices and Herbs
"Spices, pepper, black",Vitamin K,µg,2030,200,163.7,"tsp, ground",1.0,2.3,200,Spices and Herbs
"Spices, pepper, black","Vitamin E, added",mg,2030,200,0.0,"tsp, ground",1.0,2.3,200,Spices and Herbs
"Spices, pepper, black",Vitamin E,mg,2030,200,1.04,"tsp, ground",1.0,2.3,200,Spices and Herbs
"Spices, pepper, black",Vitamin D,µg,2030,200,0.0,"tsp, ground",1.0,2.3,200,Spices and Herbs
"Spices, pepper, black",Vitamin C,mg,2030,200,0.0,"tsp, ground",1.0,2.3,200,Spices and Herbs
"Spices, pepper, black",Vitamin B-6,mg,2030,200,0.291,"tsp, ground",1.0,2.3,200,Spices and Herbs
"Spices, pepper, black","Vitamin B-12, added",µg,2030,200,0.0,"tsp, ground",1.0,2.3,200,Spices and Herbs
"Spices, pepper, black",Vitamin B-12,µg,2030,200,0.0,"tsp, ground",1.0,2.3,200,Spices and Herbs
"Spices, pepper, black",Vitamin A,µg,2030,200,27.0,"tsp, ground",1.0,2.3,200,Spices and Herbs
"Spices, pepper, black",Valine,g,2030,200,0.547,"tsp, ground",1.0,2.3,200,Spices and Herbs
"Spices, pepper, black",Tyrosine,g,2030,200,0.483,"tsp, ground",1.0,2.3,200,Spices and Herbs
"Spices, pepper, black",Serine,g,2030,200,0.409,"tsp, ground",1.0,2.3,200,Spices and Herbs
"Spices, pepper, black",Tryptophan,g,2030,200,0.058,"tsp, ground",1.0,2.3,200,Spices and Herbs
"Spices, pepper, black",Total Water,g,2030,200,12.46,"tsp, ground",1.0,2.3,200,Spices and Herbs
"Spices, pepper, black","Tocotrienol, gamma",mg,2030,200,0.0,"tsp, ground",1.0,2.3,200,Spices and Herbs
"Spices, pepper, black","Tocotrienol, delta",mg,2030,200,0.0,"tsp, ground",1.0,2.3,200,Spices and Herbs
"Spices, pepper, black","Tocotrienol, beta",mg,2030,200,0.0,"tsp, ground",1.0,2.3,200,Spices and Herbs
"Spices, pepper, black","Tocotrienol, alpha",mg,2030,200,0.85,"tsp, ground",1.0,2.3,200,Spices and Herbs
"Spices, pepper, black","Tocopherol, gamma",mg,2030,200,6.56,"tsp, ground",1.0,2.3,200,Spices and Herbs
"Spices, pepper, black","Tocopherol, delta",mg,2030,200,0.0,"tsp, ground",1.0,2.3,200,Spices and Herbs
"Spices, pepper, black","Tocopherol, beta",mg,2030,200,0.0,"tsp, ground",1.0,2.3,200,Spices and Herbs
"Spices, pepper, black",Threonine,g,2030,200,0.244,"tsp, ground",1.0,2.3,200,Spices and Herbs
"Spices, pepper, black",Thiamin,mg,2030,200,0.108,"tsp, ground",1.0,2.3,200,Spices and Herbs
"Spices, pepper, black",Theobromine,mg,2030,200,0.0,"tsp, ground",1.0,2.3,200,Spices and Herbs
"Spices, pepper, black","Sugars, total",g,2030,200,0.64,"tsp, ground",1.0,2.3,200,Spices and Herbs
"Spices, pepper, black",Sucrose,g,2030,200,0.02,"tsp, ground",1.0,2.3,200,Spices and Herbs
"Spices, pepper, black",Total lipid (fat),g,2030,200,3.26,"tsp, ground",1.0,2.3,200,Spices and Herbs
"Spices, pepper, black","Folate, food",µg,2030,200,17.0,"tsp, ground",1.0,2.3,200,Spices and Herbs
"Spices, pepper, black",Cholesterol,mg,2030,200,0.0,"tsp, ground",1.0,2.3,200,Spices and Herbs
"Spices, pepper, black",Folate,µg,2030,200,17.0,"tsp, ground",1.0,2.3,200,Spices and Herbs
"Spices, pepper, black",20:4 undifferentiated,g,2030,200,0.0,"tsp, ground",1.0,2.3,200,Spices and Herbs
"Spices, pepper, black",20:3 undifferentiated,g,2030,200,0.152,"tsp, ground",1.0,2.3,200,Spices and Herbs
"Spices, pepper, black","20:2 n-6 c,c",g,2030,200,0.0,"tsp, ground",1.0,2.3,200,Spices and Herbs
"Spices, pepper, black",20:01,g,2030,200,0.0,"tsp, ground",1.0,2.3,200,Spices and Herbs
"Spices, pepper, black",20:00,g,2030,200,0.0,"tsp, ground",1.0,2.3,200,Spices and Herbs
"Spices, pepper, black",18:3 undifferentiated,g,2030,200,0.152,"tsp, ground",1.0,2.3,200,Spices and Herbs
"Spices, pepper, black","18:3 n-6 c,c,c",g,2030,200,0.0,"tsp, ground",1.0,2.3,200,Spices and Herbs
"Spices, pepper, black",18:2 undifferentiated,g,2030,200,0.694,"tsp, ground",1.0,2.3,200,Spices and Herbs
"Spices, pepper, black",18:1 undifferentiated,g,2030,200,0.647,"tsp, ground",1.0,2.3,200,Spices and Herbs
"Spices, pepper, black",18:1 t,g,2030,200,0.0,"tsp, ground",1.0,2.3,200,Spices and Herbs
"Spices, pepper, black",18:1 c,g,2030,200,0.647,"tsp, ground",1.0,2.3,200,Spices and Herbs
"Spices, pepper, black",18:04,g,2030,200,0.0,"tsp, ground",1.0,2.3,200,Spices and Herbs
"Spices, pepper, black",18:00,g,2030,200,0.327,"tsp, ground",1.0,2.3,200,Spices and Herbs
"Spices, pepper, black",17:01,g,2030,200,0.0,"tsp, ground",1.0,2.3,200,Spices and Herbs
"Spices, pepper, black","Folate, DFE",µg,2030,200,17.0,"tsp, ground",1.0,2.3,200,Spices and Herbs
"Spices, pepper, black",16:1 undifferentiated,g,2030,200,0.077,"tsp, ground",1.0,2.3,200,Spices and Herbs
"Spices, pepper, black",16:00,g,2030,200,0.533,"tsp, ground",1.0,2.3,200,Spices and Herbs
"Spices, pepper, black",15:01,g,2030,200,0.0,"tsp, ground",1.0,2.3,200,Spices and Herbs
"Spices, pepper, black",15:00,g,2030,200,0.0,"tsp, ground",1.0,2.3,200,Spices and Herbs
"Spices, pepper, black",14:01,g,2030,200,0.016,"tsp, ground",1.0,2.3,200,Spices and Herbs
"Spices, pepper, black",14:00,g,2030,200,0.03,"tsp, ground",1.0,2.3,200,Spices and Herbs
"Spices, pepper, black",13:00,g,2030,200,0.0,"tsp, ground",1.0,2.3,200,Spices and Herbs
"Spices, pepper, black",12:00,g,2030,200,0.093,"tsp, ground",1.0,2.3,200,Spices and Herbs
"Spices, pepper, black",10:00,g,2030,200,0.036,"tsp, ground",1.0,2.3,200,Spices and Herbs
"Spices, pepper, black",08:00,g,2030,200,0.102,"tsp, ground",1.0,2.3,200,Spices and Herbs
"Spices, pepper, black",06:00,g,2030,200,0.012,"tsp, ground",1.0,2.3,200,Spices and Herbs
"Spices, pepper, black",04:00,g,2030,200,0.0,"tsp, ground",1.0,2.3,200,Spices and Herbs
"Spices, pepper, black",20:5 n-3 (EPA),g,2030,200,0.0,"tsp, ground",1.0,2.3,200,Spices and Herbs
"Spices, pepper, black",22:00,g,2030,200,0.0,"tsp, ground",1.0,2.3,200,Spices and Herbs
"Spices, pepper, black",17:00,g,2030,200,0.0,"tsp, ground",1.0,2.3,200,Spices and Herbs
"Spices, pepper, black",22:5 n-3 (DPA),g,2030,200,0.0,"tsp, ground",1.0,2.3,200,Spices and Herbs
"Spices, pepper, black",22:1 undifferentiated,g,2030,200,0.0,"tsp, ground",1.0,2.3,200,Spices and Herbs
"Spices, pepper, black",Fluoride,µg,2030,200,34.2,"tsp, ground",1.0,2.3,200,Spices and Herbs
"Spices, pepper, black","Fatty acids, total trans-monoenoic",g,2030,200,0.0,"tsp, ground",1.0,2.3,200,Spices and Herbs
"Spices, pepper, black","Fatty acids, total trans",g,2030,200,0.0,"tsp, ground",1.0,2.3,200,Spices and Herbs
"Spices, pepper, black","Fatty acids, total saturated",g,2030,200,1.392,"tsp, ground",1.0,2.3,200,Spices and Herbs
"Spices, pepper, black","Fatty acids, total polyunsaturated",g,2030,200,0.998,"tsp, ground",1.0,2.3,200,Spices and Herbs
"Spices, pepper, black","Fatty acids, total monounsaturated",g,2030,200,0.739,"tsp, ground",1.0,2.3,200,Spices and Herbs
"Spices, pepper, black",Energy,kJ,2030,200,1050.0,"tsp, ground",1.0,2.3,200,Spices and Herbs
"Spices, pepper, black",Dihydrophylloquinone,µg,2030,200,0.0,"tsp, ground",1.0,2.3,200,Spices and Herbs
"Spices, pepper, black",Cystine,g,2030,200,0.138,"tsp, ground",1.0,2.3,200,Spices and Herbs
"Spices, pepper, black","Cryptoxanthin, beta",µg,2030,200,25.0,"tsp, ground",1.0,2.3,200,Spices and Herbs
"Spices, pepper, black",Copper,mg,2030,200,1.33,"tsp, ground",1.0,2.3,200,Spices and Herbs
"Spices, pepper, black",Choline,mg,2030,200,11.3,"tsp, ground",1.0,2.3,200,Spices and Herbs
"Spices, pepper, black","Carotene, beta",µg,2030,200,310.0,"tsp, ground",1.0,2.3,200,Spices and Herbs
"Spices, pepper, black",Energy,kcal,2030,200,251.0,"tsp, ground",1.0,2.3,200,Spices and Herbs
"Spices, pepper, black",Carbohydrate,g,2030,200,63.95,"tsp, ground",1.0,2.3,200,Spices and Herbs
"Spices, pepper, black",22:6 n-3 (DHA),g,2030,200,0.0,"tsp, ground",1.0,2.3,200,Spices and Herbs
"Spices, pepper, black","Carotene, alpha",µg,2030,200,12.0,"tsp, ground",1.0,2.3,200,Spices and Herbs
"Spices, pepper, black",24:00:00,g,2030,200,0.0,"tsp, ground",1.0,2.3,200,Spices and Herbs
"Spices, pepper, black",24:1 c,g,2030,200,0.0,"tsp, ground",1.0,2.3,200,Spices and Herbs
"Spices, pepper, black",Alcohol,g,2030,200,0.0,"tsp, ground",1.0,2.3,200,Spices and Herbs
"Spices, pepper, black",Alpha-Linolenic Acid,g,2030,200,0.152,"tsp, ground",1.0,2.3,200,Spices and Herbs
"Spices, pepper, black",Alanine,g,2030,200,0.616,"tsp, ground",1.0,2.3,200,Spices and Herbs
"Spices, pepper, black",Ash,g,2030,200,4.49,"tsp, ground",1.0,2.3,200,Spices and Herbs
"Spices, pepper, black",Aspartic acid,g,2030,200,1.413,"tsp, ground",1.0,2.3,200,Spices and Herbs
"Spices, pepper, black",Betaine,mg,2030,200,8.9,"tsp, ground",1.0,2.3,200,Spices and Herbs
"Spices, pepper, black",Caffeine,mg,2030,200,0.0,"tsp, ground",1.0,2.3,200,Spices and Herbs
"Spices, pepper, black",Calcium,mg,2030,200,443.0,"tsp, ground",1.0,2.3,200,Spices and Herbs
"Spices, pepper, black",Arginine,g,2030,200,0.308,"tsp, ground",1.0,2.3,200,Spices and Herbs
"Spices, pepper, red or cayenne",Retinol,µg,2031,200,0.0,tsp,1.0,1.8,200,Spices and Herbs
"Spices, pepper, red or cayenne",Niacin,mg,2031,200,8.701,tsp,1.0,1.8,200,Spices and Herbs
"Spices, pepper, red or cayenne",Protein,g,2031,200,12.01,tsp,1.0,1.8,200,Spices and Herbs
"Spices, pepper, red or cayenne",Potassium,mg,2031,200,2014.0,tsp,1.0,1.8,200,Spices and Herbs
"Spices, pepper, red or cayenne",Phytosterols,mg,2031,200,83.0,tsp,1.0,1.8,200,Spices and Herbs
"Spices, pepper, red or cayenne",Phosphorus,mg,2031,200,293.0,tsp,1.0,1.8,200,Spices and Herbs
"Spices, pepper, red or cayenne",Manganese,mg,2031,200,2.0,tsp,1.0,1.8,200,Spices and Herbs
"Spices, pepper, red or cayenne","Folate, food",µg,2031,200,106.0,tsp,1.0,1.8,200,Spices and Herbs
"Spices, pepper, red or cayenne",Lycopene,µg,2031,200,0.0,tsp,1.0,1.8,200,Spices and Herbs
"Spices, pepper, red or cayenne",Lutein + zeaxanthin,µg,2031,200,13157.0,tsp,1.0,1.8,200,Spices and Herbs
"Spices, pepper, red or cayenne",Iron,mg,2031,200,7.8,tsp,1.0,1.8,200,Spices and Herbs
"Spices, pepper, red or cayenne",Folic acid,µg,2031,200,0.0,tsp,1.0,1.8,200,Spices and Herbs
"Spices, pepper, red or cayenne","Folate, DFE",µg,2031,200,106.0,tsp,1.0,1.8,200,Spices and Herbs
"Spices, pepper, red or cayenne",Riboflavin,mg,2031,200,0.919,tsp,1.0,1.8,200,Spices and Herbs
"Spices, pepper, red or cayenne",Magnesium,mg,2031,200,152.0,tsp,1.0,1.8,200,Spices and Herbs
"Spices, pepper, red or cayenne",Selenium,µg,2031,200,8.8,tsp,1.0,1.8,200,Spices and Herbs
"Spices, pepper, red or cayenne",Vitamin K,µg,2031,200,80.3,tsp,1.0,1.8,200,Spices and Herbs
"Spices, pepper, red or cayenne","Sugars, total",g,2031,200,10.34,tsp,1.0,1.8,200,Spices and Herbs
"Spices, pepper, red or cayenne",Folate,µg,2031,200,106.0,tsp,1.0,1.8,200,Spices and Herbs
"Spices, pepper, red or cayenne",Zinc,mg,2031,200,2.48,tsp,1.0,1.8,200,Spices and Herbs
"Spices, pepper, red or cayenne",Vitamin E,mg,2031,200,29.83,tsp,1.0,1.8,200,Spices and Herbs
"Spices, pepper, red or cayenne",Vitamin D,µg,2031,200,0.0,tsp,1.0,1.8,200,Spices and Herbs
"Spices, pepper, red or cayenne",Vitamin C,mg,2031,200,76.4,tsp,1.0,1.8,200,Spices and Herbs
"Spices, pepper, red or cayenne",Vitamin B-6,mg,2031,200,2.45,tsp,1.0,1.8,200,Spices and Herbs
"Spices, pepper, red or cayenne",Sodium,mg,2031,200,30.0,tsp,1.0,1.8,200,Spices and Herbs
"Spices, pepper, red or cayenne","Vitamin B-12, added",µg,2031,200,0.0,tsp,1.0,1.8,200,Spices and Herbs
"Spices, pepper, red or cayenne",Vitamin A,µg,2031,200,2081.0,tsp,1.0,1.8,200,Spices and Herbs
"Spices, pepper, red or cayenne",Total lipid (fat),g,2031,200,17.27,tsp,1.0,1.8,200,Spices and Herbs
"Spices, pepper, red or cayenne",Total Water,g,2031,200,8.05,tsp,1.0,1.8,200,Spices and Herbs
"Spices, pepper, red or cayenne",Total Fiber,g,2031,200,27.2,tsp,1.0,1.8,200,Spices and Herbs
"Spices, pepper, red or cayenne",Thiamin,mg,2031,200,0.328,tsp,1.0,1.8,200,Spices and Herbs
"Spices, pepper, red or cayenne",Theobromine,mg,2031,200,0.0,tsp,1.0,1.8,200,Spices and Herbs
"Spices, pepper, red or cayenne",Vitamin B-12,µg,2031,200,0.0,tsp,1.0,1.8,200,Spices and Herbs
"Spices, pepper, red or cayenne","Fatty acids, total saturated",g,2031,200,3.26,tsp,1.0,1.8,200,Spices and Herbs
"Spices, pepper, red or cayenne","Vitamin E, added",mg,2031,200,0.0,tsp,1.0,1.8,200,Spices and Herbs
"Spices, pepper, red or cayenne","Fatty acids, total monounsaturated",g,2031,200,2.75,tsp,1.0,1.8,200,Spices and Herbs
"Spices, pepper, red or cayenne",20:01,g,2031,200,0.0,tsp,1.0,1.8,200,Spices and Herbs
"Spices, pepper, red or cayenne",18:3 undifferentiated,g,2031,200,0.66,tsp,1.0,1.8,200,Spices and Herbs
"Spices, pepper, red or cayenne",18:2 undifferentiated,g,2031,200,7.71,tsp,1.0,1.8,200,Spices and Herbs
"Spices, pepper, red or cayenne",18:1 undifferentiated,g,2031,200,2.51,tsp,1.0,1.8,200,Spices and Herbs
"Spices, pepper, red or cayenne",18:04,g,2031,200,0.0,tsp,1.0,1.8,200,Spices and Herbs
"Spices, pepper, red or cayenne",18:00,g,2031,200,0.49,tsp,1.0,1.8,200,Spices and Herbs
"Spices, pepper, red or cayenne",20:4 undifferentiated,g,2031,200,0.0,tsp,1.0,1.8,200,Spices and Herbs
"Spices, pepper, red or cayenne",16:1 undifferentiated,g,2031,200,0.24,tsp,1.0,1.8,200,Spices and Herbs
"Spices, pepper, red or cayenne",12:00,g,2031,200,0.03,tsp,1.0,1.8,200,Spices and Herbs
"Spices, pepper, red or cayenne",10:00,g,2031,200,0.03,tsp,1.0,1.8,200,Spices and Herbs
"Spices, pepper, red or cayenne",08:00,g,2031,200,0.0,tsp,1.0,1.8,200,Spices and Herbs
"Spices, pepper, red or cayenne","Fatty acids, total polyunsaturated",g,2031,200,8.37,tsp,1.0,1.8,200,Spices and Herbs
"Spices, pepper, red or cayenne",06:00,g,2031,200,0.0,tsp,1.0,1.8,200,Spices and Herbs
"Spices, pepper, red or cayenne",04:00,g,2031,200,0.0,tsp,1.0,1.8,200,Spices and Herbs
"Spices, pepper, red or cayenne",14:00,g,2031,200,0.09,tsp,1.0,1.8,200,Spices and Herbs
"Spices, pepper, red or cayenne",20:5 n-3 (EPA),g,2031,200,0.0,tsp,1.0,1.8,200,Spices and Herbs
"Spices, pepper, red or cayenne",16:00,g,2031,200,2.36,tsp,1.0,1.8,200,Spices and Herbs
"Spices, pepper, red or cayenne",22:5 n-3 (DPA),g,2031,200,0.0,tsp,1.0,1.8,200,Spices and Herbs
"Spices, pepper, red or cayenne",22:1 undifferentiated,g,2031,200,0.0,tsp,1.0,1.8,200,Spices and Herbs
"Spices, pepper, red or cayenne",Energy,kcal,2031,200,318.0,tsp,1.0,1.8,200,Spices and Herbs
"Spices, pepper, red or cayenne",Energy,kJ,2031,200,1331.0,tsp,1.0,1.8,200,Spices and Herbs
"Spices, pepper, red or cayenne","Cryptoxanthin, beta",µg,2031,200,6252.0,tsp,1.0,1.8,200,Spices and Herbs
"Spices, pepper, red or cayenne",Copper,mg,2031,200,0.373,tsp,1.0,1.8,200,Spices and Herbs
"Spices, pepper, red or cayenne",Cholesterol,mg,2031,200,0.0,tsp,1.0,1.8,200,Spices and Herbs
"Spices, pepper, red or cayenne","Carotene, beta",µg,2031,200,21840.0,tsp,1.0,1.8,200,Spices and Herbs
"Spices, pepper, red or cayenne",Choline,mg,2031,200,51.5,tsp,1.0,1.8,200,Spices and Herbs
"Spices, pepper, red or cayenne","Carotene, alpha",µg,2031,200,0.0,tsp,1.0,1.8,200,Spices and Herbs
"Spices, pepper, red or cayenne",Carbohydrate,g,2031,200,56.63,tsp,1.0,1.8,200,Spices and Herbs
"Spices, pepper, red or cayenne",Calcium,mg,2031,200,148.0,tsp,1.0,1.8,200,Spices and Herbs
"Spices, pepper, red or cayenne",Caffeine,mg,2031,200,0.0,tsp,1.0,1.8,200,Spices and Herbs
"Spices, pepper, red or cayenne",Ash,g,2031,200,6.04,tsp,1.0,1.8,200,Spices and Herbs
"Spices, pepper, red or cayenne",Alcohol,g,2031,200,0.0,tsp,1.0,1.8,200,Spices and Herbs
"Spices, pepper, red or cayenne",22:6 n-3 (DHA),g,2031,200,0.0,tsp,1.0,1.8,200,Spices and Herbs
"Spices, pepper, white",Sodium,mg,2032,200,5.0,"tsp, ground",1.0,2.4,200,Spices and Herbs
"Spices, pepper, white",Potassium,mg,2032,200,73.0,"tsp, ground",1.0,2.4,200,Spices and Herbs
"Spices, pepper, white",Protein,g,2032,200,10.4,"tsp, ground",1.0,2.4,200,Spices and Herbs
"Spices, pepper, white",Retinol,µg,2032,200,0.0,"tsp, ground",1.0,2.4,200,Spices and Herbs
"Spices, pepper, white",Riboflavin,mg,2032,200,0.126,"tsp, ground",1.0,2.4,200,Spices and Herbs
"Spices, pepper, white",Selenium,µg,2032,200,3.1,"tsp, ground",1.0,2.4,200,Spices and Herbs
"Spices, pepper, white",Phytosterols,mg,2032,200,55.0,"tsp, ground",1.0,2.4,200,Spices and Herbs
"Spices, pepper, white",Thiamin,mg,2032,200,0.022,"tsp, ground",1.0,2.4,200,Spices and Herbs
"Spices, pepper, white",Vitamin D,µg,2032,200,0.0,"tsp, ground",1.0,2.4,200,Spices and Herbs
"Spices, pepper, white",Total Water,g,2032,200,11.42,"tsp, ground",1.0,2.4,200,Spices and Herbs
"Spices, pepper, white",Total lipid (fat),g,2032,200,2.12,"tsp, ground",1.0,2.4,200,Spices and Herbs
"Spices, pepper, white",Vitamin A,µg,2032,200,0.0,"tsp, ground",1.0,2.4,200,Spices and Herbs
"Spices, pepper, white",Vitamin B-12,µg,2032,200,0.0,"tsp, ground",1.0,2.4,200,Spices and Herbs
"Spices, pepper, white",Vitamin B-6,mg,2032,200,0.1,"tsp, ground",1.0,2.4,200,Spices and Herbs
"Spices, pepper, white",Vitamin C,mg,2032,200,21.0,"tsp, ground",1.0,2.4,200,Spices and Herbs
"Spices, pepper, white",Zinc,mg,2032,200,1.13,"tsp, ground",1.0,2.4,200,Spices and Herbs
"Spices, pepper, white",Phosphorus,mg,2032,200,176.0,"tsp, ground",1.0,2.4,200,Spices and Herbs
"Spices, pepper, white",Total Fiber,g,2032,200,26.2,"tsp, ground",1.0,2.4,200,Spices and Herbs
"Spices, pepper, white",Niacin,mg,2032,200,0.212,"tsp, ground",1.0,2.4,200,Spices and Herbs
"Spices, pepper, white",Folate,µg,2032,200,10.0,"tsp, ground",1.0,2.4,200,Spices and Herbs
"Spices, pepper, white",Magnesium,mg,2032,200,90.0,"tsp, ground",1.0,2.4,200,Spices and Herbs
"Spices, pepper, white",Alcohol,g,2032,200,0.0,"tsp, ground",1.0,2.4,200,Spices and Herbs
"Spices, pepper, white",Ash,g,2032,200,1.59,"tsp, ground",1.0,2.4,200,Spices and Herbs
"Spices, pepper, white",Carbohydrate,g,2032,200,68.61,"tsp, ground",1.0,2.4,200,Spices and Herbs
"Spices, pepper, white",Cholesterol,mg,2032,200,0.0,"tsp, ground",1.0,2.4,200,Spices and Herbs
"Spices, pepper, white",Copper,mg,2032,200,0.91,"tsp, ground",1.0,2.4,200,Spices and Herbs
"Spices, pepper, white",Energy,kJ,2032,200,1238.0,"tsp, ground",1.0,2.4,200,Spices and Herbs
"Spices, pepper, white",Energy,kcal,2032,200,296.0,"tsp, ground",1.0,2.4,200,Spices and Herbs
"Spices, pepper, white","Fatty acids, total monounsaturated",g,2032,200,0.789,"tsp, ground",1.0,2.4,200,Spices and Herbs
"Spices, pepper, white",Calcium,mg,2032,200,265.0,"tsp, ground",1.0,2.4,200,Spices and Herbs
"Spices, pepper, white","Fatty acids, total saturated",g,2032,200,0.626,"tsp, ground",1.0,2.4,200,Spices and Herbs
"Spices, pepper, white","Fatty acids, total trans",g,2032,200,0.0,"tsp, ground",1.0,2.4,200,Spices and Herbs
"Spices, pepper, white",Manganese,mg,2032,200,4.3,"tsp, ground",1.0,2.4,200,Spices and Herbs
"Spices, pepper, white","Folate, DFE",µg,2032,200,10.0,"tsp, ground",1.0,2.4,200,Spices and Herbs
"Spices, pepper, white","Folate, food",µg,2032,200,10.0,"tsp, ground",1.0,2.4,200,Spices and Herbs
"Spices, pepper, white",Folic acid,µg,2032,200,0.0,"tsp, ground",1.0,2.4,200,Spices and Herbs
"Spices, pepper, white",Iron,mg,2032,200,14.31,"tsp, ground",1.0,2.4,200,Spices and Herbs
"Spices, pepper, white","Fatty acids, total polyunsaturated",g,2032,200,0.616,"tsp, ground",1.0,2.4,200,Spices and Herbs
"Spices, poppy seed",Maltose,g,2033,200,0.0,tsp,1.0,2.8,200,Spices and Herbs
"Spices, poppy seed",Manganese,mg,2033,200,6.707,tsp,1.0,2.8,200,Spices and Herbs
"Spices, poppy seed",Methionine,g,2033,200,0.502,tsp,1.0,2.8,200,Spices and Herbs
"Spices, poppy seed",Niacin,mg,2033,200,0.896,tsp,1.0,2.8,200,Spices and Herbs
"Spices, poppy seed",Pantothenic Acid,mg,2033,200,0.324,tsp,1.0,2.8,200,Spices and Herbs
"Spices, poppy seed",Proline,g,2033,200,2.754,tsp,1.0,2.8,200,Spices and Herbs
"Spices, poppy seed",Phosphorus,mg,2033,200,870.0,tsp,1.0,2.8,200,Spices and Herbs
"Spices, poppy seed",Potassium,mg,2033,200,719.0,tsp,1.0,2.8,200,Spices and Herbs
"Spices, poppy seed",Protein,g,2033,200,17.99,tsp,1.0,2.8,200,Spices and Herbs
"Spices, poppy seed",Retinol,µg,2033,200,0.0,tsp,1.0,2.8,200,Spices and Herbs
"Spices, poppy seed",Magnesium,mg,2033,200,347.0,tsp,1.0,2.8,200,Spices and Herbs
"Spices, poppy seed",Phenylalanine,g,2033,200,0.758,tsp,1.0,2.8,200,Spices and Herbs
"Spices, poppy seed",Lysine,g,2033,200,0.952,tsp,1.0,2.8,200,Spices and Herbs
"Spices, poppy seed",Glycine,g,2033,200,0.952,tsp,1.0,2.8,200,Spices and Herbs
"Spices, poppy seed",Lutein + zeaxanthin,µg,2033,200,0.0,tsp,1.0,2.8,200,Spices and Herbs
"Spices, poppy seed",Leucine,g,2033,200,1.321,tsp,1.0,2.8,200,Spices and Herbs
"Spices, poppy seed",Lactose,g,2033,200,0.0,tsp,1.0,2.8,200,Spices and Herbs
"Spices, poppy seed",Isoleucine,g,2033,200,0.819,tsp,1.0,2.8,200,Spices and Herbs
"Spices, poppy seed",Iron,mg,2033,200,9.76,tsp,1.0,2.8,200,Spices and Herbs
"Spices, poppy seed",Hydroxyproline,g,2033,200,0.0,tsp,1.0,2.8,200,Spices and Herbs
"Spices, poppy seed",Histidine,g,2033,200,0.471,tsp,1.0,2.8,200,Spices and Herbs
"Spices, poppy seed",Riboflavin,mg,2033,200,0.1,tsp,1.0,2.8,200,Spices and Herbs
"Spices, poppy seed",Glutamic acid,g,2033,200,4.299,tsp,1.0,2.8,200,Spices and Herbs
"Spices, poppy seed",Glucose (dextrose),g,2033,200,0.37,tsp,1.0,2.8,200,Spices and Herbs
"Spices, poppy seed",Galactose,g,2033,200,0.0,tsp,1.0,2.8,200,Spices and Herbs
"Spices, poppy seed",Fructose,g,2033,200,0.29,tsp,1.0,2.8,200,Spices and Herbs
"Spices, poppy seed",Folic acid,µg,2033,200,0.0,tsp,1.0,2.8,200,Spices and Herbs
"Spices, poppy seed",Lycopene,µg,2033,200,0.0,tsp,1.0,2.8,200,Spices and Herbs
"Spices, poppy seed",Selenium,µg,2033,200,13.5,tsp,1.0,2.8,200,Spices and Herbs
"Spices, poppy seed","Tocopherol, beta",mg,2033,200,8.3,tsp,1.0,2.8,200,Spices and Herbs
"Spices, poppy seed",Sodium,mg,2033,200,26.0,tsp,1.0,2.8,200,Spices and Herbs
"Spices, poppy seed",Zinc,mg,2033,200,7.9,tsp,1.0,2.8,200,Spices and Herbs
"Spices, poppy seed",Vitamin K,µg,2033,200,0.0,tsp,1.0,2.8,200,Spices and Herbs
"Spices, poppy seed","Vitamin E, added",mg,2033,200,0.0,tsp,1.0,2.8,200,Spices and Herbs
"Spices, poppy seed",Vitamin E,mg,2033,200,1.77,tsp,1.0,2.8,200,Spices and Herbs
"Spices, poppy seed",Vitamin D,µg,2033,200,0.0,tsp,1.0,2.8,200,Spices and Herbs
"Spices, poppy seed",Vitamin C,mg,2033,200,1.0,tsp,1.0,2.8,200,Spices and Herbs
"Spices, poppy seed",Vitamin B-6,mg,2033,200,0.247,tsp,1.0,2.8,200,Spices and Herbs
"Spices, poppy seed","Vitamin B-12, added",µg,2033,200,0.0,tsp,1.0,2.8,200,Spices and Herbs
"Spices, poppy seed",Vitamin B-12,µg,2033,200,0.0,tsp,1.0,2.8,200,Spices and Herbs
"Spices, poppy seed",Vitamin A,µg,2033,200,0.0,tsp,1.0,2.8,200,Spices and Herbs
"Spices, poppy seed",Valine,g,2033,200,1.095,tsp,1.0,2.8,200,Spices and Herbs
"Spices, poppy seed",Tyrosine,g,2033,200,0.727,tsp,1.0,2.8,200,Spices and Herbs
"Spices, poppy seed",Tryptophan,g,2033,200,0.184,tsp,1.0,2.8,200,Spices and Herbs
"Spices, poppy seed",Serine,g,2033,200,0.952,tsp,1.0,2.8,200,Spices and Herbs
"Spices, poppy seed",Total lipid (fat),g,2033,200,41.56,tsp,1.0,2.8,200,Spices and Herbs
"Spices, poppy seed",Total Fiber,g,2033,200,19.5,tsp,1.0,2.8,200,Spices and Herbs
"Spices, poppy seed","Tocotrienol, gamma",mg,2033,200,0.13,tsp,1.0,2.8,200,Spices and Herbs
"Spices, poppy seed","Tocotrienol, delta",mg,2033,200,0.0,tsp,1.0,2.8,200,Spices and Herbs
"Spices, poppy seed","Tocotrienol, beta",mg,2033,200,0.0,tsp,1.0,2.8,200,Spices and Herbs
"Spices, poppy seed","Tocopherol, gamma",mg,2033,200,8.82,tsp,1.0,2.8,200,Spices and Herbs
"Spices, poppy seed","Tocopherol, delta",mg,2033,200,0.23,tsp,1.0,2.8,200,Spices and Herbs
"Spices, poppy seed","Folate, food",µg,2033,200,82.0,tsp,1.0,2.8,200,Spices and Herbs
"Spices, poppy seed",Threonine,g,2033,200,0.686,tsp,1.0,2.8,200,Spices and Herbs
"Spices, poppy seed",Thiamin,mg,2033,200,0.854,tsp,1.0,2.8,200,Spices and Herbs
"Spices, poppy seed",Theobromine,mg,2033,200,0.0,tsp,1.0,2.8,200,Spices and Herbs
"Spices, poppy seed","Sugars, total",g,2033,200,2.99,tsp,1.0,2.8,200,Spices and Herbs
"Spices, poppy seed",Sucrose,g,2033,200,2.33,tsp,1.0,2.8,200,Spices and Herbs
"Spices, poppy seed",Stigmasterol,mg,2033,200,7.0,tsp,1.0,2.8,200,Spices and Herbs
"Spices, poppy seed",Total Water,g,2033,200,5.95,tsp,1.0,2.8,200,Spices and Herbs
"Spices, poppy seed","Folate, DFE",µg,2033,200,82.0,tsp,1.0,2.8,200,Spices and Herbs
"Spices, poppy seed","Tocotrienol, alpha",mg,2033,200,0.15,tsp,1.0,2.8,200,Spices and Herbs
"Spices, poppy seed","Fatty acids, total trans-monoenoic",g,2033,200,0.0,tsp,1.0,2.8,200,Spices and Herbs
"Spices, poppy seed",20:5 n-3 (EPA),g,2033,200,0.0,tsp,1.0,2.8,200,Spices and Herbs
"Spices, poppy seed",20:4 undifferentiated,g,2033,200,0.0,tsp,1.0,2.8,200,Spices and Herbs
"Spices, poppy seed",20:3 undifferentiated,g,2033,200,0.0,tsp,1.0,2.8,200,Spices and Herbs
"Spices, poppy seed","20:2 n-6 c,c",g,2033,200,0.0,tsp,1.0,2.8,200,Spices and Herbs
"Spices, poppy seed",20:01,g,2033,200,0.078,tsp,1.0,2.8,200,Spices and Herbs
"Spices, poppy seed",20:00,g,2033,200,0.039,tsp,1.0,2.8,200,Spices and Herbs
"Spices, poppy seed",18:3 undifferentiated,g,2033,200,0.273,tsp,1.0,2.8,200,Spices and Herbs
"Spices, poppy seed","18:3 n-6 c,c,c",g,2033,200,0.0,tsp,1.0,2.8,200,Spices and Herbs
"Spices, poppy seed",18:2 undifferentiated,g,2033,200,28.295,tsp,1.0,2.8,200,Spices and Herbs
"Spices, poppy seed",18:1 undifferentiated,g,2033,200,5.864,tsp,1.0,2.8,200,Spices and Herbs
"Spices, poppy seed",18:1 t,g,2033,200,0.0,tsp,1.0,2.8,200,Spices and Herbs
"Spices, poppy seed",18:1 c,g,2033,200,5.864,tsp,1.0,2.8,200,Spices and Herbs
"Spices, poppy seed",18:04,g,2033,200,0.0,tsp,1.0,2.8,200,Spices and Herbs
"Spices, poppy seed",22:00,g,2033,200,0.0,tsp,1.0,2.8,200,Spices and Herbs
"Spices, poppy seed",18:00,g,2033,200,0.782,tsp,1.0,2.8,200,Spices and Herbs
"Spices, poppy seed",16:1 undifferentiated,g,2033,200,0.039,tsp,1.0,2.8,200,Spices and Herbs
"Spices, poppy seed",16:00,g,2033,200,3.581,tsp,1.0,2.8,200,Spices and Herbs
"Spices, poppy seed",15:01,g,2033,200,0.0,tsp,1.0,2.8,200,Spices and Herbs
"Spices, poppy seed",15:00,g,2033,200,0.0,tsp,1.0,2.8,200,Spices and Herbs
"Spices, poppy seed",14:01,g,2033,200,0.0,tsp,1.0,2.8,200,Spices and Herbs
"Spices, poppy seed",14:00,g,2033,200,0.077,tsp,1.0,2.8,200,Spices and Herbs
"Spices, poppy seed",13:00,g,2033,200,0.0,tsp,1.0,2.8,200,Spices and Herbs
"Spices, poppy seed",12:00,g,2033,200,0.0,tsp,1.0,2.8,200,Spices and Herbs
"Spices, poppy seed",10:00,g,2033,200,0.0,tsp,1.0,2.8,200,Spices and Herbs
"Spices, poppy seed",08:00,g,2033,200,0.0,tsp,1.0,2.8,200,Spices and Herbs
"Spices, poppy seed",06:00,g,2033,200,0.037,tsp,1.0,2.8,200,Spices and Herbs
"Spices, poppy seed",04:00,g,2033,200,0.0,tsp,1.0,2.8,200,Spices and Herbs
"Spices, poppy seed",Folate,µg,2033,200,82.0,tsp,1.0,2.8,200,Spices and Herbs
"Spices, poppy seed",17:00,g,2033,200,0.0,tsp,1.0,2.8,200,Spices and Herbs
"Spices, poppy seed",22:1 undifferentiated,g,2033,200,0.0,tsp,1.0,2.8,200,Spices and Herbs
"Spices, poppy seed",17:01,g,2033,200,0.0,tsp,1.0,2.8,200,Spices and Herbs
"Spices, poppy seed",22:6 n-3 (DHA),g,2033,200,0.0,tsp,1.0,2.8,200,Spices and Herbs
"Spices, poppy seed","Fatty acids, total trans",g,2033,200,0.0,tsp,1.0,2.8,200,Spices and Herbs
"Spices, poppy seed",22:5 n-3 (DPA),g,2033,200,0.0,tsp,1.0,2.8,200,Spices and Herbs
"Spices, poppy seed","Fatty acids, total saturated",g,2033,200,4.517,tsp,1.0,2.8,200,Spices and Herbs
"Spices, poppy seed","Fatty acids, total polyunsaturated",g,2033,200,28.569,tsp,1.0,2.8,200,Spices and Herbs
"Spices, poppy seed","Fatty acids, total monounsaturated",g,2033,200,5.982,tsp,1.0,2.8,200,Spices and Herbs
"Spices, poppy seed",Energy,kcal,2033,200,525.0,tsp,1.0,2.8,200,Spices and Herbs
"Spices, poppy seed",Energy,kJ,2033,200,2196.0,tsp,1.0,2.8,200,Spices and Herbs
"Spices, poppy seed",Dihydrophylloquinone,µg,2033,200,0.0,tsp,1.0,2.8,200,Spices and Herbs
"Spices, poppy seed",Cystine,g,2033,200,0.297,tsp,1.0,2.8,200,Spices and Herbs
"Spices, poppy seed",Copper,mg,2033,200,1.627,tsp,1.0,2.8,200,Spices and Herbs
"Spices, poppy seed",Choline,mg,2033,200,8.8,tsp,1.0,2.8,200,Spices and Herbs
"Spices, poppy seed",Cholesterol,mg,2033,200,0.0,tsp,1.0,2.8,200,Spices and Herbs
"Spices, poppy seed","Carotene, beta",µg,2033,200,0.0,tsp,1.0,2.8,200,Spices and Herbs
"Spices, poppy seed","Carotene, alpha",µg,2033,200,0.0,tsp,1.0,2.8,200,Spices and Herbs
"Spices, poppy seed","Cryptoxanthin, beta",µg,2033,200,0.0,tsp,1.0,2.8,200,Spices and Herbs
"Spices, poppy seed",Arginine,g,2033,200,1.945,tsp,1.0,2.8,200,Spices and Herbs
"Spices, poppy seed",Campesterol,mg,2033,200,29.0,tsp,1.0,2.8,200,Spices and Herbs
"Spices, poppy seed",Calcium,mg,2033,200,1438.0,tsp,1.0,2.8,200,Spices and Herbs
"Spices, poppy seed",Caffeine,mg,2033,200,0.0,tsp,1.0,2.8,200,Spices and Herbs
"Spices, poppy seed",Betaine,mg,2033,200,0.9,tsp,1.0,2.8,200,Spices and Herbs
"Spices, poppy seed",Beta-sitosterol,mg,2033,200,109.0,tsp,1.0,2.8,200,Spices and Herbs
"Spices, poppy seed",Aspartic acid,g,2033,200,2.365,tsp,1.0,2.8,200,Spices and Herbs
"Spices, poppy seed",Ash,g,2033,200,6.37,tsp,1.0,2.8,200,Spices and Herbs
"Spices, poppy seed",24:1 c,g,2033,200,0.0,tsp,1.0,2.8,200,Spices and Herbs
"Spices, poppy seed",Alpha-Linolenic Acid,g,2033,200,0.273,tsp,1.0,2.8,200,Spices and Herbs
"Spices, poppy seed",Alcohol,g,2033,200,0.0,tsp,1.0,2.8,200,Spices and Herbs
"Spices, poppy seed",Alanine,g,2033,200,0.839,tsp,1.0,2.8,200,Spices and Herbs
"Spices, poppy seed",Carbohydrate,g,2033,200,28.13,tsp,1.0,2.8,200,Spices and Herbs
"Spices, poppy seed",24:00:00,g,2033,200,0.0,tsp,1.0,2.8,200,Spices and Herbs
"Spices, poultry seasoning",Phytosterols,mg,2034,200,96.0,tsp,1.0,1.5,200,Spices and Herbs
"Spices, poultry seasoning",Potassium,mg,2034,200,684.0,tsp,1.0,1.5,200,Spices and Herbs
"Spices, poultry seasoning","Folate, food",µg,2034,200,138.0,tsp,1.0,1.5,200,Spices and Herbs
"Spices, poultry seasoning",Protein,g,2034,200,9.59,tsp,1.0,1.5,200,Spices and Herbs
"Spices, poultry seasoning",Retinol,µg,2034,200,0.0,tsp,1.0,1.5,200,Spices and Herbs
"Spices, poultry seasoning",Phosphorus,mg,2034,200,171.0,tsp,1.0,1.5,200,Spices and Herbs
"Spices, poultry seasoning",Niacin,mg,2034,200,2.97,tsp,1.0,1.5,200,Spices and Herbs
"Spices, poultry seasoning",Folic acid,µg,2034,200,0.0,tsp,1.0,1.5,200,Spices and Herbs
"Spices, poultry seasoning",Magnesium,mg,2034,200,224.0,tsp,1.0,1.5,200,Spices and Herbs
"Spices, poultry seasoning",Lycopene,µg,2034,200,7.0,tsp,1.0,1.5,200,Spices and Herbs
"Spices, poultry seasoning",Lutein + zeaxanthin,µg,2034,200,1107.0,tsp,1.0,1.5,200,Spices and Herbs
"Spices, poultry seasoning",Iron,mg,2034,200,35.3,tsp,1.0,1.5,200,Spices and Herbs
"Spices, poultry seasoning",Riboflavin,mg,2034,200,0.191,tsp,1.0,1.5,200,Spices and Herbs
"Spices, poultry seasoning","Folate, DFE",µg,2034,200,138.0,tsp,1.0,1.5,200,Spices and Herbs
"Spices, poultry seasoning",Manganese,mg,2034,200,6.857,tsp,1.0,1.5,200,Spices and Herbs
"Spices, poultry seasoning",Selenium,µg,2034,200,7.2,tsp,1.0,1.5,200,Spices and Herbs
"Spices, poultry seasoning",Vitamin E,mg,2034,200,1.32,tsp,1.0,1.5,200,Spices and Herbs
"Spices, poultry seasoning","Sugars, total",g,2034,200,1.8,tsp,1.0,1.5,200,Spices and Herbs
"Spices, poultry seasoning",Zinc,mg,2034,200,3.14,tsp,1.0,1.5,200,Spices and Herbs
"Spices, poultry seasoning",Folate,µg,2034,200,138.0,tsp,1.0,1.5,200,Spices and Herbs
"Spices, poultry seasoning",Vitamin K,µg,2034,200,805.4,tsp,1.0,1.5,200,Spices and Herbs
"Spices, poultry seasoning","Vitamin E, added",mg,2034,200,0.0,tsp,1.0,1.5,200,Spices and Herbs
"Spices, poultry seasoning",Vitamin D,µg,2034,200,0.0,tsp,1.0,1.5,200,Spices and Herbs
"Spices, poultry seasoning",Vitamin C,mg,2034,200,12.0,tsp,1.0,1.5,200,Spices and Herbs
"Spices, poultry seasoning",Vitamin B-6,mg,2034,200,1.32,tsp,1.0,1.5,200,Spices and Herbs
"Spices, poultry seasoning","Vitamin B-12, added",µg,2034,200,0.0,tsp,1.0,1.5,200,Spices and Herbs
"Spices, poultry seasoning",Vitamin B-12,µg,2034,200,0.0,tsp,1.0,1.5,200,Spices and Herbs
"Spices, poultry seasoning",Vitamin A,µg,2034,200,132.0,tsp,1.0,1.5,200,Spices and Herbs
"Spices, poultry seasoning",Total lipid (fat),g,2034,200,7.53,tsp,1.0,1.5,200,Spices and Herbs
"Spices, poultry seasoning",Total Water,g,2034,200,9.31,tsp,1.0,1.5,200,Spices and Herbs
"Spices, poultry seasoning",Total Fiber,g,2034,200,11.3,tsp,1.0,1.5,200,Spices and Herbs
"Spices, poultry seasoning",Thiamin,mg,2034,200,0.264,tsp,1.0,1.5,200,Spices and Herbs
"Spices, poultry seasoning",Theobromine,mg,2034,200,0.0,tsp,1.0,1.5,200,Spices and Herbs
"Spices, poultry seasoning",Sodium,mg,2034,200,27.0,tsp,1.0,1.5,200,Spices and Herbs
"Spices, poultry seasoning","Fatty acids, total trans",g,2034,200,0.0,tsp,1.0,1.5,200,Spices and Herbs
"Spices, poultry seasoning",Ash,g,2034,200,5.92,tsp,1.0,1.5,200,Spices and Herbs
"Spices, poultry seasoning","Fatty acids, total polyunsaturated",g,2034,200,1.936,tsp,1.0,1.5,200,Spices and Herbs
"Spices, poultry seasoning",20:01,g,2034,200,0.0,tsp,1.0,1.5,200,Spices and Herbs
"Spices, poultry seasoning",18:3 undifferentiated,g,2034,200,0.944,tsp,1.0,1.5,200,Spices and Herbs
"Spices, poultry seasoning",18:2 undifferentiated,g,2034,200,0.992,tsp,1.0,1.5,200,Spices and Herbs
"Spices, poultry seasoning",18:1 undifferentiated,g,2034,200,1.113,tsp,1.0,1.5,200,Spices and Herbs
"Spices, poultry seasoning",18:04,g,2034,200,0.0,tsp,1.0,1.5,200,Spices and Herbs
"Spices, poultry seasoning",16:1 undifferentiated,g,2034,200,0.082,tsp,1.0,1.5,200,Spices and Herbs
"Spices, poultry seasoning",20:4 undifferentiated,g,2034,200,0.0,tsp,1.0,1.5,200,Spices and Herbs
"Spices, poultry seasoning",16:00,g,2034,200,1.281,tsp,1.0,1.5,200,Spices and Herbs
"Spices, poultry seasoning",12:00,g,2034,200,0.125,tsp,1.0,1.5,200,Spices and Herbs
"Spices, poultry seasoning",10:00,g,2034,200,0.135,tsp,1.0,1.5,200,Spices and Herbs
"Spices, poultry seasoning",08:00,g,2034,200,0.128,tsp,1.0,1.5,200,Spices and Herbs
"Spices, poultry seasoning",06:00,g,2034,200,0.0,tsp,1.0,1.5,200,Spices and Herbs
"Spices, poultry seasoning",04:00,g,2034,200,0.0,tsp,1.0,1.5,200,Spices and Herbs
"Spices, poultry seasoning","Fatty acids, total saturated",g,2034,200,3.29,tsp,1.0,1.5,200,Spices and Herbs
"Spices, poultry seasoning",14:00,g,2034,200,1.221,tsp,1.0,1.5,200,Spices and Herbs
"Spices, poultry seasoning",20:5 n-3 (EPA),g,2034,200,0.0,tsp,1.0,1.5,200,Spices and Herbs
"Spices, poultry seasoning",18:00,g,2034,200,0.36,tsp,1.0,1.5,200,Spices and Herbs
"Spices, poultry seasoning",22:5 n-3 (DPA),g,2034,200,0.0,tsp,1.0,1.5,200,Spices and Herbs
"Spices, poultry seasoning",22:1 undifferentiated,g,2034,200,0.0,tsp,1.0,1.5,200,Spices and Herbs
"Spices, poultry seasoning",Energy,kcal,2034,200,307.0,tsp,1.0,1.5,200,Spices and Herbs
"Spices, poultry seasoning",Energy,kJ,2034,200,1284.0,tsp,1.0,1.5,200,Spices and Herbs
"Spices, poultry seasoning","Cryptoxanthin, beta",µg,2034,200,23.0,tsp,1.0,1.5,200,Spices and Herbs
"Spices, poultry seasoning",Copper,mg,2034,200,0.843,tsp,1.0,1.5,200,Spices and Herbs
"Spices, poultry seasoning",Choline,mg,2034,200,30.3,tsp,1.0,1.5,200,Spices and Herbs
"Spices, poultry seasoning",Cholesterol,mg,2034,200,0.0,tsp,1.0,1.5,200,Spices and Herbs
"Spices, poultry seasoning","Fatty acids, total monounsaturated",g,2034,200,1.206,tsp,1.0,1.5,200,Spices and Herbs
"Spices, poultry seasoning","Carotene, alpha",µg,2034,200,0.0,tsp,1.0,1.5,200,Spices and Herbs
"Spices, poultry seasoning",Carbohydrate,g,2034,200,65.59,tsp,1.0,1.5,200,Spices and Herbs
"Spices, poultry seasoning",Calcium,mg,2034,200,996.0,tsp,1.0,1.5,200,Spices and Herbs
"Spices, poultry seasoning",Caffeine,mg,2034,200,0.0,tsp,1.0,1.5,200,Spices and Herbs
"Spices, poultry seasoning",Alcohol,g,2034,200,0.0,tsp,1.0,1.5,200,Spices and Herbs
"Spices, poultry seasoning",22:6 n-3 (DHA),g,2034,200,0.0,tsp,1.0,1.5,200,Spices and Herbs
"Spices, poultry seasoning","Carotene, beta",µg,2034,200,1568.0,tsp,1.0,1.5,200,Spices and Herbs
"Spices, pumpkin pie spice",Retinol,µg,2035,200,0.0,tsp,1.0,1.7,200,Spices and Herbs
"Spices, pumpkin pie spice",Protein,g,2035,200,5.76,tsp,1.0,1.7,200,Spices and Herbs
"Spices, pumpkin pie spice",Potassium,mg,2035,200,663.0,tsp,1.0,1.7,200,Spices and Herbs
"Spices, pumpkin pie spice",Phytosterols,mg,2035,200,71.0,tsp,1.0,1.7,200,Spices and Herbs
"Spices, pumpkin pie spice",Phosphorus,mg,2035,200,118.0,tsp,1.0,1.7,200,Spices and Herbs
"Spices, pumpkin pie spice",Niacin,mg,2035,200,2.243,tsp,1.0,1.7,200,Spices and Herbs
"Spices, pumpkin pie spice",Manganese,mg,2035,200,15.844,tsp,1.0,1.7,200,Spices and Herbs
"Spices, pumpkin pie spice",Lutein + zeaxanthin,µg,2035,200,100.0,tsp,1.0,1.7,200,Spices and Herbs
"Spices, pumpkin pie spice",Lycopene,µg,2035,200,7.0,tsp,1.0,1.7,200,Spices and Herbs
"Spices, pumpkin pie spice",Iron,mg,2035,200,19.71,tsp,1.0,1.7,200,Spices and Herbs
"Spices, pumpkin pie spice",Folic acid,µg,2035,200,0.0,tsp,1.0,1.7,200,Spices and Herbs
"Spices, pumpkin pie spice","Folate, food",µg,2035,200,24.0,tsp,1.0,1.7,200,Spices and Herbs
"Spices, pumpkin pie spice","Folate, DFE",µg,2035,200,24.0,tsp,1.0,1.7,200,Spices and Herbs
"Spices, pumpkin pie spice",Riboflavin,mg,2035,200,0.137,tsp,1.0,1.7,200,Spices and Herbs
"Spices, pumpkin pie spice",Magnesium,mg,2035,200,136.0,tsp,1.0,1.7,200,Spices and Herbs
"Spices, pumpkin pie spice",Selenium,µg,2035,200,9.3,tsp,1.0,1.7,200,Spices and Herbs
"Spices, pumpkin pie spice",Folate,µg,2035,200,24.0,tsp,1.0,1.7,200,Spices and Herbs
"Spices, pumpkin pie spice","Sugars, total",g,2035,200,7.76,tsp,1.0,1.7,200,Spices and Herbs
"Spices, pumpkin pie spice",Zinc,mg,2035,200,2.37,tsp,1.0,1.7,200,Spices and Herbs
"Spices, pumpkin pie spice",Vitamin K,µg,2035,200,28.4,tsp,1.0,1.7,200,Spices and Herbs
"Spices, pumpkin pie spice","Vitamin E, added",mg,2035,200,0.0,tsp,1.0,1.7,200,Spices and Herbs
"Spices, pumpkin pie spice",Vitamin E,mg,2035,200,1.93,tsp,1.0,1.7,200,Spices and Herbs
"Spices, pumpkin pie spice",Vitamin D,µg,2035,200,0.0,tsp,1.0,1.7,200,Spices and Herbs
"Spices, pumpkin pie spice",Vitamin C,mg,2035,200,23.4,tsp,1.0,1.7,200,Spices and Herbs
"Spices, pumpkin pie spice",Sodium,mg,2035,200,52.0,tsp,1.0,1.7,200,Spices and Herbs
"Spices, pumpkin pie spice",Vitamin B-6,mg,2035,200,0.4,tsp,1.0,1.7,200,Spices and Herbs
"Spices, pumpkin pie spice",Vitamin B-12,µg,2035,200,0.0,tsp,1.0,1.7,200,Spices and Herbs
"Spices, pumpkin pie spice",Total lipid (fat),g,2035,200,12.6,tsp,1.0,1.7,200,Spices and Herbs
"Spices, pumpkin pie spice",Total Water,g,2035,200,8.46,tsp,1.0,1.7,200,Spices and Herbs
"Spices, pumpkin pie spice",Total Fiber,g,2035,200,14.8,tsp,1.0,1.7,200,Spices and Herbs
"Spices, pumpkin pie spice",Thiamin,mg,2035,200,0.131,tsp,1.0,1.7,200,Spices and Herbs
"Spices, pumpkin pie spice",Theobromine,mg,2035,200,0.0,tsp,1.0,1.7,200,Spices and Herbs
"Spices, pumpkin pie spice","Vitamin B-12, added",µg,2035,200,0.0,tsp,1.0,1.7,200,Spices and Herbs
"Spices, pumpkin pie spice","Fatty acids, total saturated",g,2035,200,6.53,tsp,1.0,1.7,200,Spices and Herbs
"Spices, pumpkin pie spice",Vitamin A,µg,2035,200,13.0,tsp,1.0,1.7,200,Spices and Herbs
"Spices, pumpkin pie spice","Fatty acids, total monounsaturated",g,2035,200,1.102,tsp,1.0,1.7,200,Spices and Herbs
"Spices, pumpkin pie spice",20:01,g,2035,200,0.0,tsp,1.0,1.7,200,Spices and Herbs
"Spices, pumpkin pie spice",18:3 undifferentiated,g,2035,200,0.065,tsp,1.0,1.7,200,Spices and Herbs
"Spices, pumpkin pie spice",18:2 undifferentiated,g,2035,200,0.715,tsp,1.0,1.7,200,Spices and Herbs
"Spices, pumpkin pie spice",18:1 undifferentiated,g,2035,200,0.764,tsp,1.0,1.7,200,Spices and Herbs
"Spices, pumpkin pie spice",18:04,g,2035,200,0.0,tsp,1.0,1.7,200,Spices and Herbs
"Spices, pumpkin pie spice","Fatty acids, total polyunsaturated",g,2035,200,0.78,tsp,1.0,1.7,200,Spices and Herbs
"Spices, pumpkin pie spice",20:4 undifferentiated,g,2035,200,0.0,tsp,1.0,1.7,200,Spices and Herbs
"Spices, pumpkin pie spice",18:00,g,2035,200,0.738,tsp,1.0,1.7,200,Spices and Herbs
"Spices, pumpkin pie spice",16:00,g,2035,200,0.871,tsp,1.0,1.7,200,Spices and Herbs
"Spices, pumpkin pie spice",14:00,g,2035,200,4.635,tsp,1.0,1.7,200,Spices and Herbs
"Spices, pumpkin pie spice",12:00,g,2035,200,0.152,tsp,1.0,1.7,200,Spices and Herbs
"Spices, pumpkin pie spice",10:00,g,2035,200,0.036,tsp,1.0,1.7,200,Spices and Herbs
"Spices, pumpkin pie spice",08:00,g,2035,200,0.012,tsp,1.0,1.7,200,Spices and Herbs
"Spices, pumpkin pie spice",04:00,g,2035,200,0.0,tsp,1.0,1.7,200,Spices and Herbs
"Spices, pumpkin pie spice",16:1 undifferentiated,g,2035,200,0.292,tsp,1.0,1.7,200,Spices and Herbs
"Spices, pumpkin pie spice",20:5 n-3 (EPA),g,2035,200,0.0,tsp,1.0,1.7,200,Spices and Herbs
"Spices, pumpkin pie spice",06:00,g,2035,200,0.0,tsp,1.0,1.7,200,Spices and Herbs
"Spices, pumpkin pie spice",22:5 n-3 (DPA),g,2035,200,0.0,tsp,1.0,1.7,200,Spices and Herbs
"Spices, pumpkin pie spice",Energy,kcal,2035,200,342.0,tsp,1.0,1.7,200,Spices and Herbs
"Spices, pumpkin pie spice",Energy,kJ,2035,200,1431.0,tsp,1.0,1.7,200,Spices and Herbs
"Spices, pumpkin pie spice","Cryptoxanthin, beta",µg,2035,200,114.0,tsp,1.0,1.7,200,Spices and Herbs
"Spices, pumpkin pie spice",Copper,mg,2035,200,0.484,tsp,1.0,1.7,200,Spices and Herbs
"Spices, pumpkin pie spice",22:1 undifferentiated,g,2035,200,0.0,tsp,1.0,1.7,200,Spices and Herbs
"Spices, pumpkin pie spice",Cholesterol,mg,2035,200,0.0,tsp,1.0,1.7,200,Spices and Herbs
"Spices, pumpkin pie spice","Carotene, beta",µg,2035,200,99.0,tsp,1.0,1.7,200,Spices and Herbs
"Spices, pumpkin pie spice",Choline,mg,2035,200,20.8,tsp,1.0,1.7,200,Spices and Herbs
"Spices, pumpkin pie spice",Carbohydrate,g,2035,200,69.28,tsp,1.0,1.7,200,Spices and Herbs
"Spices, pumpkin pie spice",Calcium,mg,2035,200,682.0,tsp,1.0,1.7,200,Spices and Herbs
"Spices, pumpkin pie spice",Caffeine,mg,2035,200,0.0,tsp,1.0,1.7,200,Spices and Herbs
"Spices, pumpkin pie spice",Ash,g,2035,200,3.9,tsp,1.0,1.7,200,Spices and Herbs
"Spices, pumpkin pie spice",Alcohol,g,2035,200,0.0,tsp,1.0,1.7,200,Spices and Herbs
"Spices, pumpkin pie spice",22:6 n-3 (DHA),g,2035,200,0.0,tsp,1.0,1.7,200,Spices and Herbs
"Spices, pumpkin pie spice","Carotene, alpha",µg,2035,200,1.0,tsp,1.0,1.7,200,Spices and Herbs
"Spices, rosemary, dried",Phosphorus,mg,2036,200,70.0,tsp,1.0,1.2,200,Spices and Herbs
"Spices, rosemary, dried",Niacin,mg,2036,200,1.0,tsp,1.0,1.2,200,Spices and Herbs
"Spices, rosemary, dried",Manganese,mg,2036,200,1.867,tsp,1.0,1.2,200,Spices and Herbs
"Spices, rosemary, dried",Magnesium,mg,2036,200,220.0,tsp,1.0,1.2,200,Spices and Herbs
"Spices, rosemary, dried",Iron,mg,2036,200,29.25,tsp,1.0,1.2,200,Spices and Herbs
"Spices, rosemary, dried","Fatty acids, total monounsaturated",g,2036,200,3.014,tsp,1.0,1.2,200,Spices and Herbs
"Spices, rosemary, dried","Folate, food",µg,2036,200,307.0,tsp,1.0,1.2,200,Spices and Herbs
"Spices, rosemary, dried","Folate, DFE",µg,2036,200,307.0,tsp,1.0,1.2,200,Spices and Herbs
"Spices, rosemary, dried",Folate,µg,2036,200,307.0,tsp,1.0,1.2,200,Spices and Herbs
"Spices, rosemary, dried","Fatty acids, total saturated",g,2036,200,7.371,tsp,1.0,1.2,200,Spices and Herbs
"Spices, rosemary, dried","Fatty acids, total polyunsaturated",g,2036,200,2.339,tsp,1.0,1.2,200,Spices and Herbs
"Spices, rosemary, dried",Phytosterols,mg,2036,200,58.0,tsp,1.0,1.2,200,Spices and Herbs
"Spices, rosemary, dried",Folic acid,µg,2036,200,0.0,tsp,1.0,1.2,200,Spices and Herbs
"Spices, rosemary, dried",Potassium,mg,2036,200,955.0,tsp,1.0,1.2,200,Spices and Herbs
"Spices, rosemary, dried",Total Water,g,2036,200,9.31,tsp,1.0,1.2,200,Spices and Herbs
"Spices, rosemary, dried",Retinol,µg,2036,200,0.0,tsp,1.0,1.2,200,Spices and Herbs
"Spices, rosemary, dried",Riboflavin,mg,2036,200,0.428,tsp,1.0,1.2,200,Spices and Herbs
"Spices, rosemary, dried",Selenium,µg,2036,200,4.6,tsp,1.0,1.2,200,Spices and Herbs
"Spices, rosemary, dried",Sodium,mg,2036,200,50.0,tsp,1.0,1.2,200,Spices and Herbs
"Spices, rosemary, dried",Thiamin,mg,2036,200,0.514,tsp,1.0,1.2,200,Spices and Herbs
"Spices, rosemary, dried",Total Fiber,g,2036,200,42.6,tsp,1.0,1.2,200,Spices and Herbs
"Spices, rosemary, dried",Total lipid (fat),g,2036,200,15.22,tsp,1.0,1.2,200,Spices and Herbs
"Spices, rosemary, dried",Vitamin A,µg,2036,200,156.0,tsp,1.0,1.2,200,Spices and Herbs
"Spices, rosemary, dried",Vitamin B-12,µg,2036,200,0.0,tsp,1.0,1.2,200,Spices and Herbs
"Spices, rosemary, dried",Vitamin B-6,mg,2036,200,1.74,tsp,1.0,1.2,200,Spices and Herbs
"Spices, rosemary, dried",Vitamin C,mg,2036,200,61.2,tsp,1.0,1.2,200,Spices and Herbs
"Spices, rosemary, dried",Vitamin D,µg,2036,200,0.0,tsp,1.0,1.2,200,Spices and Herbs
"Spices, rosemary, dried",Zinc,mg,2036,200,3.23,tsp,1.0,1.2,200,Spices and Herbs
"Spices, rosemary, dried",Energy,kcal,2036,200,331.0,tsp,1.0,1.2,200,Spices and Herbs
"Spices, rosemary, dried",Protein,g,2036,200,4.88,tsp,1.0,1.2,200,Spices and Herbs
"Spices, rosemary, dried",Energy,kJ,2036,200,1387.0,tsp,1.0,1.2,200,Spices and Herbs
"Spices, rosemary, dried",20:01,g,2036,200,0.125,tsp,1.0,1.2,200,Spices and Herbs
"Spices, rosemary, dried",Cholesterol,mg,2036,200,0.0,tsp,1.0,1.2,200,Spices and Herbs
"Spices, rosemary, dried",04:00,g,2036,200,0.0,tsp,1.0,1.2,200,Spices and Herbs
"Spices, rosemary, dried",08:00,g,2036,200,0.0,tsp,1.0,1.2,200,Spices and Herbs
"Spices, rosemary, dried",10:00,g,2036,200,0.05,tsp,1.0,1.2,200,Spices and Herbs
"Spices, rosemary, dried",12:00,g,2036,200,0.037,tsp,1.0,1.2,200,Spices and Herbs
"Spices, rosemary, dried",14:00,g,2036,200,0.315,tsp,1.0,1.2,200,Spices and Herbs
"Spices, rosemary, dried",14:01,g,2036,200,0.059,tsp,1.0,1.2,200,Spices and Herbs
"Spices, rosemary, dried",15:00,g,2036,200,0.131,tsp,1.0,1.2,200,Spices and Herbs
"Spices, rosemary, dried",16:00,g,2036,200,4.991,tsp,1.0,1.2,200,Spices and Herbs
"Spices, rosemary, dried",16:1 undifferentiated,g,2036,200,0.17,tsp,1.0,1.2,200,Spices and Herbs
"Spices, rosemary, dried",17:00,g,2036,200,0.094,tsp,1.0,1.2,200,Spices and Herbs
"Spices, rosemary, dried",18:00,g,2036,200,0.6,tsp,1.0,1.2,200,Spices and Herbs
"Spices, rosemary, dried",18:04,g,2036,200,0.0,tsp,1.0,1.2,200,Spices and Herbs
"Spices, rosemary, dried",18:1 undifferentiated,g,2036,200,2.66,tsp,1.0,1.2,200,Spices and Herbs
"Spices, rosemary, dried",18:2 undifferentiated,g,2036,200,1.16,tsp,1.0,1.2,200,Spices and Herbs
"Spices, rosemary, dried",06:00,g,2036,200,0.0,tsp,1.0,1.2,200,Spices and Herbs
"Spices, rosemary, dried",20:00,g,2036,200,0.379,tsp,1.0,1.2,200,Spices and Herbs
"Spices, rosemary, dried",18:3 undifferentiated,g,2036,200,1.076,tsp,1.0,1.2,200,Spices and Herbs
"Spices, rosemary, dried",Calcium,mg,2036,200,1280.0,tsp,1.0,1.2,200,Spices and Herbs
"Spices, rosemary, dried",Ash,g,2036,200,6.53,tsp,1.0,1.2,200,Spices and Herbs
"Spices, rosemary, dried",Alcohol,g,2036,200,0.0,tsp,1.0,1.2,200,Spices and Herbs
"Spices, rosemary, dried",24:00:00,g,2036,200,0.294,tsp,1.0,1.2,200,Spices and Herbs
"Spices, rosemary, dried",22:6 n-3 (DHA),g,2036,200,0.0,tsp,1.0,1.2,200,Spices and Herbs
"Spices, rosemary, dried",Carbohydrate,g,2036,200,64.06,tsp,1.0,1.2,200,Spices and Herbs
"Spices, rosemary, dried",22:1 undifferentiated,g,2036,200,0.0,tsp,1.0,1.2,200,Spices and Herbs
"Spices, rosemary, dried",22:00,g,2036,200,0.387,tsp,1.0,1.2,200,Spices and Herbs
"Spices, rosemary, dried",20:5 n-3 (EPA),g,2036,200,0.0,tsp,1.0,1.2,200,Spices and Herbs
"Spices, rosemary, dried",20:4 undifferentiated,g,2036,200,0.0,tsp,1.0,1.2,200,Spices and Herbs
"Spices, rosemary, dried",Copper,mg,2036,200,0.55,tsp,1.0,1.2,200,Spices and Herbs
"Spices, rosemary, dried",22:5 n-3 (DPA),g,2036,200,0.0,tsp,1.0,1.2,200,Spices and Herbs
"Spices, saffron",Protein,g,2037,200,11.43,tsp,1.0,0.7,200,Spices and Herbs
"Spices, saffron",Potassium,mg,2037,200,1724.0,tsp,1.0,0.7,200,Spices and Herbs
"Spices, saffron",Phosphorus,mg,2037,200,252.0,tsp,1.0,0.7,200,Spices and Herbs
"Spices, saffron",Niacin,mg,2037,200,1.46,tsp,1.0,0.7,200,Spices and Herbs
"Spices, saffron",Manganese,mg,2037,200,28.408,tsp,1.0,0.7,200,Spices and Herbs
"Spices, saffron",Iron,mg,2037,200,11.1,tsp,1.0,0.7,200,Spices and Herbs
"Spices, saffron",Folic acid,µg,2037,200,0.0,tsp,1.0,0.7,200,Spices and Herbs
"Spices, saffron","Folate, food",µg,2037,200,93.0,tsp,1.0,0.7,200,Spices and Herbs
"Spices, saffron","Folate, DFE",µg,2037,200,93.0,tsp,1.0,0.7,200,Spices and Herbs
"Spices, saffron",Retinol,µg,2037,200,0.0,tsp,1.0,0.7,200,Spices and Herbs
"Spices, saffron",Folate,µg,2037,200,93.0,tsp,1.0,0.7,200,Spices and Herbs
"Spices, saffron",Magnesium,mg,2037,200,264.0,tsp,1.0,0.7,200,Spices and Herbs
"Spices, saffron",Riboflavin,mg,2037,200,0.267,tsp,1.0,0.7,200,Spices and Herbs
"Spices, saffron",Total lipid (fat),g,2037,200,5.85,tsp,1.0,0.7,200,Spices and Herbs
"Spices, saffron",Sodium,mg,2037,200,148.0,tsp,1.0,0.7,200,Spices and Herbs
"Spices, saffron",Theobromine,mg,2037,200,0.0,tsp,1.0,0.7,200,Spices and Herbs
"Spices, saffron",Thiamin,mg,2037,200,0.115,tsp,1.0,0.7,200,Spices and Herbs
"Spices, saffron",Total Fiber,g,2037,200,3.9,tsp,1.0,0.7,200,Spices and Herbs
"Spices, saffron",Total Water,g,2037,200,11.9,tsp,1.0,0.7,200,Spices and Herbs
"Spices, saffron",Vitamin A,µg,2037,200,27.0,tsp,1.0,0.7,200,Spices and Herbs
"Spices, saffron",Vitamin B-12,µg,2037,200,0.0,tsp,1.0,0.7,200,Spices and Herbs
"Spices, saffron",Vitamin B-6,mg,2037,200,1.01,tsp,1.0,0.7,200,Spices and Herbs
"Spices, saffron",Vitamin C,mg,2037,200,80.8,tsp,1.0,0.7,200,Spices and Herbs
"Spices, saffron",Vitamin D,µg,2037,200,0.0,tsp,1.0,0.7,200,Spices and Herbs
"Spices, saffron",Zinc,mg,2037,200,1.09,tsp,1.0,0.7,200,Spices and Herbs
"Spices, saffron","Fatty acids, total trans",g,2037,200,0.0,tsp,1.0,0.7,200,Spices and Herbs
"Spices, saffron",Selenium,µg,2037,200,5.6,tsp,1.0,0.7,200,Spices and Herbs
"Spices, saffron","Fatty acids, total polyunsaturated",g,2037,200,2.067,tsp,1.0,0.7,200,Spices and Herbs
"Spices, saffron","Fatty acids, total saturated",g,2037,200,1.586,tsp,1.0,0.7,200,Spices and Herbs
"Spices, saffron",Energy,kcal,2037,200,310.0,tsp,1.0,0.7,200,Spices and Herbs
"Spices, saffron","Fatty acids, total monounsaturated",g,2037,200,0.429,tsp,1.0,0.7,200,Spices and Herbs
"Spices, saffron",04:00,g,2037,200,0.0,tsp,1.0,0.7,200,Spices and Herbs
"Spices, saffron",06:00,g,2037,200,0.0,tsp,1.0,0.7,200,Spices and Herbs
"Spices, saffron",08:00,g,2037,200,0.0,tsp,1.0,0.7,200,Spices and Herbs
"Spices, saffron",10:00,g,2037,200,0.0,tsp,1.0,0.7,200,Spices and Herbs
"Spices, saffron",12:00,g,2037,200,0.0,tsp,1.0,0.7,200,Spices and Herbs
"Spices, saffron",14:00,g,2037,200,0.006,tsp,1.0,0.7,200,Spices and Herbs
"Spices, saffron",16:1 undifferentiated,g,2037,200,0.003,tsp,1.0,0.7,200,Spices and Herbs
"Spices, saffron",18:00,g,2037,200,0.247,tsp,1.0,0.7,200,Spices and Herbs
"Spices, saffron",18:04,g,2037,200,0.0,tsp,1.0,0.7,200,Spices and Herbs
"Spices, saffron",18:1 undifferentiated,g,2037,200,0.39,tsp,1.0,0.7,200,Spices and Herbs
"Spices, saffron",18:2 undifferentiated,g,2037,200,0.754,tsp,1.0,0.7,200,Spices and Herbs
"Spices, saffron",18:3 undifferentiated,g,2037,200,1.242,tsp,1.0,0.7,200,Spices and Herbs
"Spices, saffron",20:01,g,2037,200,0.006,tsp,1.0,0.7,200,Spices and Herbs
"Spices, saffron",16:00,g,2037,200,1.157,tsp,1.0,0.7,200,Spices and Herbs
"Spices, saffron",20:5 n-3 (EPA),g,2037,200,0.0,tsp,1.0,0.7,200,Spices and Herbs
"Spices, saffron",20:4 undifferentiated,g,2037,200,0.013,tsp,1.0,0.7,200,Spices and Herbs
"Spices, saffron",Energy,kJ,2037,200,1298.0,tsp,1.0,0.7,200,Spices and Herbs
"Spices, saffron",Copper,mg,2037,200,0.328,tsp,1.0,0.7,200,Spices and Herbs
"Spices, saffron",Cholesterol,mg,2037,200,0.0,tsp,1.0,0.7,200,Spices and Herbs
"Spices, saffron",Calcium,mg,2037,200,111.0,tsp,1.0,0.7,200,Spices and Herbs
"Spices, saffron",Caffeine,mg,2037,200,0.0,tsp,1.0,0.7,200,Spices and Herbs
"Spices, saffron",Carbohydrate,g,2037,200,65.37,tsp,1.0,0.7,200,Spices and Herbs
"Spices, saffron",Ash,g,2037,200,5.45,tsp,1.0,0.7,200,Spices and Herbs
"Spices, saffron",Alcohol,g,2037,200,0.0,tsp,1.0,0.7,200,Spices and Herbs
"Spices, saffron",22:6 n-3 (DHA),g,2037,200,0.0,tsp,1.0,0.7,200,Spices and Herbs
"Spices, saffron",22:5 n-3 (DPA),g,2037,200,0.006,tsp,1.0,0.7,200,Spices and Herbs
"Spices, saffron",22:1 undifferentiated,g,2037,200,0.0,tsp,1.0,0.7,200,Spices and Herbs
"Spices, sage, ground",Niacin,mg,2038,200,5.72,tsp,1.0,0.7,200,Spices and Herbs
"Spices, sage, ground",Protein,g,2038,200,10.63,tsp,1.0,0.7,200,Spices and Herbs
"Spices, sage, ground",Potassium,mg,2038,200,1070.0,tsp,1.0,0.7,200,Spices and Herbs
"Spices, sage, ground",Phytosterols,mg,2038,200,244.0,tsp,1.0,0.7,200,Spices and Herbs
"Spices, sage, ground",Phosphorus,mg,2038,200,91.0,tsp,1.0,0.7,200,Spices and Herbs
"Spices, sage, ground",Retinol,µg,2038,200,0.0,tsp,1.0,0.7,200,Spices and Herbs
"Spices, sage, ground",Manganese,mg,2038,200,3.133,tsp,1.0,0.7,200,Spices and Herbs
"Spices, sage, ground",Folic acid,µg,2038,200,0.0,tsp,1.0,0.7,200,Spices and Herbs
"Spices, sage, ground",Lycopene,µg,2038,200,0.0,tsp,1.0,0.7,200,Spices and Herbs
"Spices, sage, ground",Lutein + zeaxanthin,µg,2038,200,1895.0,tsp,1.0,0.7,200,Spices and Herbs
"Spices, sage, ground",Iron,mg,2038,200,28.12,tsp,1.0,0.7,200,Spices and Herbs
"Spices, sage, ground","Folate, DFE",µg,2038,200,274.0,tsp,1.0,0.7,200,Spices and Herbs
"Spices, sage, ground","Folate, food",µg,2038,200,274.0,tsp,1.0,0.7,200,Spices and Herbs
"Spices, sage, ground",Riboflavin,mg,2038,200,0.336,tsp,1.0,0.7,200,Spices and Herbs
"Spices, sage, ground",Magnesium,mg,2038,200,428.0,tsp,1.0,0.7,200,Spices and Herbs
"Spices, sage, ground",Selenium,µg,2038,200,3.7,tsp,1.0,0.7,200,Spices and Herbs
"Spices, sage, ground",Vitamin E,mg,2038,200,7.48,tsp,1.0,0.7,200,Spices and Herbs
"Spices, sage, ground",Zinc,mg,2038,200,4.7,tsp,1.0,0.7,200,Spices and Herbs
"Spices, sage, ground",Folate,µg,2038,200,274.0,tsp,1.0,0.7,200,Spices and Herbs
"Spices, sage, ground",Vitamin K,µg,2038,200,1714.5,tsp,1.0,0.7,200,Spices and Herbs
"Spices, sage, ground","Vitamin E, added",mg,2038,200,0.0,tsp,1.0,0.7,200,Spices and Herbs
"Spices, sage, ground",Vitamin D,µg,2038,200,0.0,tsp,1.0,0.7,200,Spices and Herbs
"Spices, sage, ground",Vitamin C,mg,2038,200,32.4,tsp,1.0,0.7,200,Spices and Herbs
"Spices, sage, ground",Vitamin B-6,mg,2038,200,2.69,tsp,1.0,0.7,200,Spices and Herbs
"Spices, sage, ground",Sodium,mg,2038,200,11.0,tsp,1.0,0.7,200,Spices and Herbs
"Spices, sage, ground","Vitamin B-12, added",µg,2038,200,0.0,tsp,1.0,0.7,200,Spices and Herbs
"Spices, sage, ground",Vitamin A,µg,2038,200,295.0,tsp,1.0,0.7,200,Spices and Herbs
"Spices, sage, ground",Total lipid (fat),g,2038,200,12.75,tsp,1.0,0.7,200,Spices and Herbs
"Spices, sage, ground",Total Water,g,2038,200,7.96,tsp,1.0,0.7,200,Spices and Herbs
"Spices, sage, ground",Total Fiber,g,2038,200,40.3,tsp,1.0,0.7,200,Spices and Herbs
"Spices, sage, ground",Thiamin,mg,2038,200,0.754,tsp,1.0,0.7,200,Spices and Herbs
"Spices, sage, ground",Theobromine,mg,2038,200,0.0,tsp,1.0,0.7,200,Spices and Herbs
"Spices, sage, ground",Vitamin B-12,µg,2038,200,0.0,tsp,1.0,0.7,200,Spices and Herbs
"Spices, sage, ground","Fatty acids, total saturated",g,2038,200,7.03,tsp,1.0,0.7,200,Spices and Herbs
"Spices, sage, ground","Sugars, total",g,2038,200,1.71,tsp,1.0,0.7,200,Spices and Herbs
"Spices, sage, ground","Fatty acids, total monounsaturated",g,2038,200,1.87,tsp,1.0,0.7,200,Spices and Herbs
"Spices, sage, ground",18:3 undifferentiated,g,2038,200,1.23,tsp,1.0,0.7,200,Spices and Herbs
"Spices, sage, ground",18:2 undifferentiated,g,2038,200,0.53,tsp,1.0,0.7,200,Spices and Herbs
"Spices, sage, ground",18:1 undifferentiated,g,2038,200,1.75,tsp,1.0,0.7,200,Spices and Herbs
"Spices, sage, ground",18:04,g,2038,200,0.0,tsp,1.0,0.7,200,Spices and Herbs
"Spices, sage, ground",18:00,g,2038,200,1.25,tsp,1.0,0.7,200,Spices and Herbs
"Spices, sage, ground",16:1 undifferentiated,g,2038,200,0.12,tsp,1.0,0.7,200,Spices and Herbs
"Spices, sage, ground",20:01,g,2038,200,0.0,tsp,1.0,0.7,200,Spices and Herbs
"Spices, sage, ground",16:00,g,2038,200,3.15,tsp,1.0,0.7,200,Spices and Herbs
"Spices, sage, ground",12:00,g,2038,200,0.3,tsp,1.0,0.7,200,Spices and Herbs
"Spices, sage, ground",10:00,g,2038,200,0.76,tsp,1.0,0.7,200,Spices and Herbs
"Spices, sage, ground",08:00,g,2038,200,0.71,tsp,1.0,0.7,200,Spices and Herbs
"Spices, sage, ground",06:00,g,2038,200,0.0,tsp,1.0,0.7,200,Spices and Herbs
"Spices, sage, ground",04:00,g,2038,200,0.0,tsp,1.0,0.7,200,Spices and Herbs
"Spices, sage, ground","Fatty acids, total polyunsaturated",g,2038,200,1.76,tsp,1.0,0.7,200,Spices and Herbs
"Spices, sage, ground",14:00,g,2038,200,0.72,tsp,1.0,0.7,200,Spices and Herbs
"Spices, sage, ground",20:4 undifferentiated,g,2038,200,0.0,tsp,1.0,0.7,200,Spices and Herbs
"Spices, sage, ground",Ash,g,2038,200,7.95,tsp,1.0,0.7,200,Spices and Herbs
"Spices, sage, ground",22:1 undifferentiated,g,2038,200,0.0,tsp,1.0,0.7,200,Spices and Herbs
"Spices, sage, ground",Energy,kcal,2038,200,315.0,tsp,1.0,0.7,200,Spices and Herbs
"Spices, sage, ground","Cryptoxanthin, beta",µg,2038,200,109.0,tsp,1.0,0.7,200,Spices and Herbs
"Spices, sage, ground",Copper,mg,2038,200,0.757,tsp,1.0,0.7,200,Spices and Herbs
"Spices, sage, ground",Choline,mg,2038,200,43.6,tsp,1.0,0.7,200,Spices and Herbs
"Spices, sage, ground",Cholesterol,mg,2038,200,0.0,tsp,1.0,0.7,200,Spices and Herbs
"Spices, sage, ground","Carotene, beta",µg,2038,200,3485.0,tsp,1.0,0.7,200,Spices and Herbs
"Spices, sage, ground","Carotene, alpha",µg,2038,200,0.0,tsp,1.0,0.7,200,Spices and Herbs
"Spices, sage, ground",Energy,kJ,2038,200,1317.0,tsp,1.0,0.7,200,Spices and Herbs
"Spices, sage, ground",Calcium,mg,2038,200,1652.0,tsp,1.0,0.7,200,Spices and Herbs
"Spices, sage, ground",Caffeine,mg,2038,200,0.0,tsp,1.0,0.7,200,Spices and Herbs
"Spices, sage, ground",20:5 n-3 (EPA),g,2038,200,0.0,tsp,1.0,0.7,200,Spices and Herbs
"Spices, sage, ground",Alcohol,g,2038,200,0.0,tsp,1.0,0.7,200,Spices and Herbs
"Spices, sage, ground",22:6 n-3 (DHA),g,2038,200,0.0,tsp,1.0,0.7,200,Spices and Herbs
"Spices, sage, ground",22:5 n-3 (DPA),g,2038,200,0.0,tsp,1.0,0.7,200,Spices and Herbs
"Spices, sage, ground",Carbohydrate,g,2038,200,60.73,tsp,1.0,0.7,200,Spices and Herbs
"Spices, savory, ground",Retinol,µg,2039,200,0.0,tsp,1.0,1.4,200,Spices and Herbs
"Spices, savory, ground",Selenium,µg,2039,200,4.6,tsp,1.0,1.4,200,Spices and Herbs
"Spices, savory, ground",Sodium,mg,2039,200,24.0,tsp,1.0,1.4,200,Spices and Herbs
"Spices, savory, ground",Thiamin,mg,2039,200,0.366,tsp,1.0,1.4,200,Spices and Herbs
"Spices, savory, ground",Total Water,g,2039,200,9.0,tsp,1.0,1.4,200,Spices and Herbs
"Spices, savory, ground",Total lipid (fat),g,2039,200,5.91,tsp,1.0,1.4,200,Spices and Herbs
"Spices, savory, ground",Vitamin B-6,mg,2039,200,1.81,tsp,1.0,1.4,200,Spices and Herbs
"Spices, savory, ground",Vitamin B-12,µg,2039,200,0.0,tsp,1.0,1.4,200,Spices and Herbs
"Spices, savory, ground",Vitamin C,mg,2039,200,50.0,tsp,1.0,1.4,200,Spices and Herbs
"Spices, savory, ground",Vitamin D,µg,2039,200,0.0,tsp,1.0,1.4,200,Spices and Herbs
"Spices, savory, ground",Zinc,mg,2039,200,4.3,tsp,1.0,1.4,200,Spices and Herbs
"Spices, savory, ground",Protein,g,2039,200,6.73,tsp,1.0,1.4,200,Spices and Herbs
"Spices, savory, ground",Vitamin A,µg,2039,200,257.0,tsp,1.0,1.4,200,Spices and Herbs
"Spices, savory, ground",Potassium,mg,2039,200,1051.0,tsp,1.0,1.4,200,Spices and Herbs
"Spices, savory, ground",Total Fiber,g,2039,200,45.7,tsp,1.0,1.4,200,Spices and Herbs
"Spices, savory, ground",Phosphorus,mg,2039,200,140.0,tsp,1.0,1.4,200,Spices and Herbs
"Spices, savory, ground",Phytosterols,mg,2039,200,31.0,tsp,1.0,1.4,200,Spices and Herbs
"Spices, savory, ground",Ash,g,2039,200,9.63,tsp,1.0,1.4,200,Spices and Herbs
"Spices, savory, ground",Carbohydrate,g,2039,200,68.73,tsp,1.0,1.4,200,Spices and Herbs
"Spices, savory, ground",Cholesterol,mg,2039,200,0.0,tsp,1.0,1.4,200,Spices and Herbs
"Spices, savory, ground",Copper,mg,2039,200,0.847,tsp,1.0,1.4,200,Spices and Herbs
"Spices, savory, ground",Energy,kJ,2039,200,1138.0,tsp,1.0,1.4,200,Spices and Herbs
"Spices, savory, ground",Energy,kcal,2039,200,272.0,tsp,1.0,1.4,200,Spices and Herbs
"Spices, savory, ground",Calcium,mg,2039,200,2132.0,tsp,1.0,1.4,200,Spices and Herbs
"Spices, savory, ground","Fatty acids, total trans",g,2039,200,0.0,tsp,1.0,1.4,200,Spices and Herbs
"Spices, savory, ground",Iron,mg,2039,200,37.88,tsp,1.0,1.4,200,Spices and Herbs
"Spices, savory, ground",Magnesium,mg,2039,200,377.0,tsp,1.0,1.4,200,Spices and Herbs
"Spices, savory, ground",Manganese,mg,2039,200,6.1,tsp,1.0,1.4,200,Spices and Herbs
"Spices, savory, ground","Fatty acids, total saturated",g,2039,200,3.26,tsp,1.0,1.4,200,Spices and Herbs
"Spices, savory, ground",Niacin,mg,2039,200,4.08,tsp,1.0,1.4,200,Spices and Herbs
"Spices, tarragon, dried",Folate,µg,2041,200,274.0,"tsp, leaves",1.0,0.6,200,Spices and Herbs
"Spices, tarragon, dried",Vitamin D,µg,2041,200,0.0,"tsp, leaves",1.0,0.6,200,Spices and Herbs
"Spices, tarragon, dried",Phosphorus,mg,2041,200,313.0,"tsp, leaves",1.0,0.6,200,Spices and Herbs
"Spices, tarragon, dried",Niacin,mg,2041,200,8.95,"tsp, leaves",1.0,0.6,200,Spices and Herbs
"Spices, tarragon, dried",Manganese,mg,2041,200,7.967,"tsp, leaves",1.0,0.6,200,Spices and Herbs
"Spices, tarragon, dried",Folic acid,µg,2041,200,0.0,"tsp, leaves",1.0,0.6,200,Spices and Herbs
"Spices, tarragon, dried",Iron,mg,2041,200,32.3,"tsp, leaves",1.0,0.6,200,Spices and Herbs
"Spices, tarragon, dried","Folate, food",µg,2041,200,274.0,"tsp, leaves",1.0,0.6,200,Spices and Herbs
"Spices, tarragon, dried","Folate, DFE",µg,2041,200,274.0,"tsp, leaves",1.0,0.6,200,Spices and Herbs
"Spices, tarragon, dried",Zinc,mg,2041,200,3.9,"tsp, leaves",1.0,0.6,200,Spices and Herbs
"Spices, tarragon, dried",Phytosterols,mg,2041,200,81.0,"tsp, leaves",1.0,0.6,200,Spices and Herbs
"Spices, tarragon, dried",Magnesium,mg,2041,200,347.0,"tsp, leaves",1.0,0.6,200,Spices and Herbs
"Spices, tarragon, dried",Potassium,mg,2041,200,3020.0,"tsp, leaves",1.0,0.6,200,Spices and Herbs
"Spices, tarragon, dried",Total Fiber,g,2041,200,7.4,"tsp, leaves",1.0,0.6,200,Spices and Herbs
"Spices, tarragon, dried",Retinol,µg,2041,200,0.0,"tsp, leaves",1.0,0.6,200,Spices and Herbs
"Spices, tarragon, dried",Riboflavin,mg,2041,200,1.339,"tsp, leaves",1.0,0.6,200,Spices and Herbs
"Spices, tarragon, dried",Selenium,µg,2041,200,4.4,"tsp, leaves",1.0,0.6,200,Spices and Herbs
"Spices, tarragon, dried",Sodium,mg,2041,200,62.0,"tsp, leaves",1.0,0.6,200,Spices and Herbs
"Spices, tarragon, dried",Theobromine,mg,2041,200,0.0,"tsp, leaves",1.0,0.6,200,Spices and Herbs
"Spices, tarragon, dried",Thiamin,mg,2041,200,0.251,"tsp, leaves",1.0,0.6,200,Spices and Herbs
"Spices, tarragon, dried",Total Water,g,2041,200,7.74,"tsp, leaves",1.0,0.6,200,Spices and Herbs
"Spices, tarragon, dried",Total lipid (fat),g,2041,200,7.24,"tsp, leaves",1.0,0.6,200,Spices and Herbs
"Spices, tarragon, dried",Vitamin A,µg,2041,200,210.0,"tsp, leaves",1.0,0.6,200,Spices and Herbs
"Spices, tarragon, dried",Vitamin B-12,µg,2041,200,0.0,"tsp, leaves",1.0,0.6,200,Spices and Herbs
"Spices, tarragon, dried",Vitamin B-6,mg,2041,200,2.41,"tsp, leaves",1.0,0.6,200,Spices and Herbs
"Spices, tarragon, dried",Vitamin C,mg,2041,200,50.0,"tsp, leaves",1.0,0.6,200,Spices and Herbs
"Spices, tarragon, dried","Fatty acids, total trans",g,2041,200,0.0,"tsp, leaves",1.0,0.6,200,Spices and Herbs
"Spices, tarragon, dried",Protein,g,2041,200,22.77,"tsp, leaves",1.0,0.6,200,Spices and Herbs
"Spices, tarragon, dried","Fatty acids, total saturated",g,2041,200,1.881,"tsp, leaves",1.0,0.6,200,Spices and Herbs
"Spices, tarragon, dried",Copper,mg,2041,200,0.677,"tsp, leaves",1.0,0.6,200,Spices and Herbs
"Spices, tarragon, dried","Fatty acids, total monounsaturated",g,2041,200,0.474,"tsp, leaves",1.0,0.6,200,Spices and Herbs
"Spices, tarragon, dried","Fatty acids, total polyunsaturated",g,2041,200,3.698,"tsp, leaves",1.0,0.6,200,Spices and Herbs
"Spices, tarragon, dried",04:00,g,2041,200,0.0,"tsp, leaves",1.0,0.6,200,Spices and Herbs
"Spices, tarragon, dried",06:00,g,2041,200,0.0,"tsp, leaves",1.0,0.6,200,Spices and Herbs
"Spices, tarragon, dried",08:00,g,2041,200,0.0,"tsp, leaves",1.0,0.6,200,Spices and Herbs
"Spices, tarragon, dried",10:00,g,2041,200,0.028,"tsp, leaves",1.0,0.6,200,Spices and Herbs
"Spices, tarragon, dried",12:00,g,2041,200,0.014,"tsp, leaves",1.0,0.6,200,Spices and Herbs
"Spices, tarragon, dried",14:00,g,2041,200,0.12,"tsp, leaves",1.0,0.6,200,Spices and Herbs
"Spices, tarragon, dried",16:00,g,2041,200,1.202,"tsp, leaves",1.0,0.6,200,Spices and Herbs
"Spices, tarragon, dried",16:1 undifferentiated,g,2041,200,0.113,"tsp, leaves",1.0,0.6,200,Spices and Herbs
"Spices, tarragon, dried",18:00,g,2041,200,0.41,"tsp, leaves",1.0,0.6,200,Spices and Herbs
"Spices, tarragon, dried",18:04,g,2041,200,0.0,"tsp, leaves",1.0,0.6,200,Spices and Herbs
"Spices, tarragon, dried",18:1 undifferentiated,g,2041,200,0.361,"tsp, leaves",1.0,0.6,200,Spices and Herbs
"Spices, tarragon, dried",18:2 undifferentiated,g,2041,200,0.742,"tsp, leaves",1.0,0.6,200,Spices and Herbs
"Spices, tarragon, dried",22:1 undifferentiated,g,2041,200,0.0,"tsp, leaves",1.0,0.6,200,Spices and Herbs
"Spices, tarragon, dried",20:01,g,2041,200,0.0,"tsp, leaves",1.0,0.6,200,Spices and Herbs
"Spices, tarragon, dried",Energy,kcal,2041,200,295.0,"tsp, leaves",1.0,0.6,200,Spices and Herbs
"Spices, tarragon, dried",18:3 undifferentiated,g,2041,200,2.955,"tsp, leaves",1.0,0.6,200,Spices and Herbs
"Spices, tarragon, dried",Energy,kJ,2041,200,1236.0,"tsp, leaves",1.0,0.6,200,Spices and Herbs
"Spices, tarragon, dried",Carbohydrate,g,2041,200,50.22,"tsp, leaves",1.0,0.6,200,Spices and Herbs
"Spices, tarragon, dried",Calcium,mg,2041,200,1139.0,"tsp, leaves",1.0,0.6,200,Spices and Herbs
"Spices, tarragon, dried",Caffeine,mg,2041,200,0.0,"tsp, leaves",1.0,0.6,200,Spices and Herbs
"Spices, tarragon, dried",Cholesterol,mg,2041,200,0.0,"tsp, leaves",1.0,0.6,200,Spices and Herbs
"Spices, tarragon, dried",Alcohol,g,2041,200,0.0,"tsp, leaves",1.0,0.6,200,Spices and Herbs
"Spices, tarragon, dried",22:6 n-3 (DHA),g,2041,200,0.0,"tsp, leaves",1.0,0.6,200,Spices and Herbs
"Spices, tarragon, dried",22:5 n-3 (DPA),g,2041,200,0.0,"tsp, leaves",1.0,0.6,200,Spices and Herbs
"Spices, tarragon, dried",20:5 n-3 (EPA),g,2041,200,0.0,"tsp, leaves",1.0,0.6,200,Spices and Herbs
"Spices, tarragon, dried",20:4 undifferentiated,g,2041,200,0.0,"tsp, leaves",1.0,0.6,200,Spices and Herbs
"Spices, tarragon, dried",Ash,g,2041,200,12.03,"tsp, leaves",1.0,0.6,200,Spices and Herbs
"Spices, thyme, dried",Phosphorus,mg,2042,200,201.0,"tsp, leaves",1.0,1.0,200,Spices and Herbs
"Spices, thyme, dried",Riboflavin,mg,2042,200,0.399,"tsp, leaves",1.0,1.0,200,Spices and Herbs
"Spices, thyme, dried",Retinol,µg,2042,200,0.0,"tsp, leaves",1.0,1.0,200,Spices and Herbs
"Spices, thyme, dried",Protein,g,2042,200,9.11,"tsp, leaves",1.0,1.0,200,Spices and Herbs
"Spices, thyme, dried",Potassium,mg,2042,200,814.0,"tsp, leaves",1.0,1.0,200,Spices and Herbs
"Spices, thyme, dried",Phytosterols,mg,2042,200,163.0,"tsp, leaves",1.0,1.0,200,Spices and Herbs
"Spices, thyme, dried",Niacin,mg,2042,200,4.94,"tsp, leaves",1.0,1.0,200,Spices and Herbs
"Spices, thyme, dried",Leucine,g,2042,200,0.43,"tsp, leaves",1.0,1.0,200,Spices and Herbs
"Spices, thyme, dried",Magnesium,mg,2042,200,220.0,"tsp, leaves",1.0,1.0,200,Spices and Herbs
"Spices, thyme, dried",Lysine,g,2042,200,0.207,"tsp, leaves",1.0,1.0,200,Spices and Herbs
"Spices, thyme, dried",Lycopene,µg,2042,200,0.0,"tsp, leaves",1.0,1.0,200,Spices and Herbs
"Spices, thyme, dried",Lutein + zeaxanthin,µg,2042,200,1895.0,"tsp, leaves",1.0,1.0,200,Spices and Herbs
"Spices, thyme, dried",Selenium,µg,2042,200,4.6,"tsp, leaves",1.0,1.0,200,Spices and Herbs
"Spices, thyme, dried",Isoleucine,g,2042,200,0.468,"tsp, leaves",1.0,1.0,200,Spices and Herbs
"Spices, thyme, dried",Iron,mg,2042,200,123.6,"tsp, leaves",1.0,1.0,200,Spices and Herbs
"Spices, thyme, dried",Folic acid,µg,2042,200,0.0,"tsp, leaves",1.0,1.0,200,Spices and Herbs
"Spices, thyme, dried",Manganese,mg,2042,200,7.867,"tsp, leaves",1.0,1.0,200,Spices and Herbs
"Spices, thyme, dried",Sodium,mg,2042,200,55.0,"tsp, leaves",1.0,1.0,200,Spices and Herbs
"Spices, thyme, dried",Total lipid (fat),g,2042,200,7.43,"tsp, leaves",1.0,1.0,200,Spices and Herbs
"Spices, thyme, dried",Theobromine,mg,2042,200,0.0,"tsp, leaves",1.0,1.0,200,Spices and Herbs
"Spices, thyme, dried",Zinc,mg,2042,200,6.18,"tsp, leaves",1.0,1.0,200,Spices and Herbs
"Spices, thyme, dried","Folate, food",µg,2042,200,274.0,"tsp, leaves",1.0,1.0,200,Spices and Herbs
"Spices, thyme, dried",Vitamin K,µg,2042,200,1714.5,"tsp, leaves",1.0,1.0,200,Spices and Herbs
"Spices, thyme, dried","Vitamin E, added",mg,2042,200,0.0,"tsp, leaves",1.0,1.0,200,Spices and Herbs
"Spices, thyme, dried",Vitamin E,mg,2042,200,7.48,"tsp, leaves",1.0,1.0,200,Spices and Herbs
"Spices, thyme, dried",Vitamin D,µg,2042,200,0.0,"tsp, leaves",1.0,1.0,200,Spices and Herbs
"Spices, thyme, dried",Vitamin B-6,mg,2042,200,0.55,"tsp, leaves",1.0,1.0,200,Spices and Herbs
"Spices, thyme, dried","Sugars, total",g,2042,200,1.71,"tsp, leaves",1.0,1.0,200,Spices and Herbs
"Spices, thyme, dried","Vitamin B-12, added",µg,2042,200,0.0,"tsp, leaves",1.0,1.0,200,Spices and Herbs
"Spices, thyme, dried",Vitamin A,µg,2042,200,190.0,"tsp, leaves",1.0,1.0,200,Spices and Herbs
"Spices, thyme, dried",Valine,g,2042,200,0.502,"tsp, leaves",1.0,1.0,200,Spices and Herbs
"Spices, thyme, dried",Tryptophan,g,2042,200,0.186,"tsp, leaves",1.0,1.0,200,Spices and Herbs
"Spices, thyme, dried",Total Water,g,2042,200,7.79,"tsp, leaves",1.0,1.0,200,Spices and Herbs
"Spices, thyme, dried",Total Fiber,g,2042,200,37.0,"tsp, leaves",1.0,1.0,200,Spices and Herbs
"Spices, thyme, dried",Threonine,g,2042,200,0.252,"tsp, leaves",1.0,1.0,200,Spices and Herbs
"Spices, thyme, dried",Thiamin,mg,2042,200,0.513,"tsp, leaves",1.0,1.0,200,Spices and Herbs
"Spices, thyme, dried",Vitamin B-12,µg,2042,200,0.0,"tsp, leaves",1.0,1.0,200,Spices and Herbs
"Spices, thyme, dried",Vitamin C,mg,2042,200,50.0,"tsp, leaves",1.0,1.0,200,Spices and Herbs
"Spices, thyme, dried","Folate, DFE",µg,2042,200,274.0,"tsp, leaves",1.0,1.0,200,Spices and Herbs
"Spices, thyme, dried","Fatty acids, total trans",g,2042,200,0.0,"tsp, leaves",1.0,1.0,200,Spices and Herbs
"Spices, thyme, dried",20:4 undifferentiated,g,2042,200,0.0,"tsp, leaves",1.0,1.0,200,Spices and Herbs
"Spices, thyme, dried",20:01,g,2042,200,0.0,"tsp, leaves",1.0,1.0,200,Spices and Herbs
"Spices, thyme, dried",18:3 undifferentiated,g,2042,200,0.69,"tsp, leaves",1.0,1.0,200,Spices and Herbs
"Spices, thyme, dried",18:2 undifferentiated,g,2042,200,0.5,"tsp, leaves",1.0,1.0,200,Spices and Herbs
"Spices, thyme, dried",18:1 undifferentiated,g,2042,200,0.47,"tsp, leaves",1.0,1.0,200,Spices and Herbs
"Spices, thyme, dried",18:04,g,2042,200,0.0,"tsp, leaves",1.0,1.0,200,Spices and Herbs
"Spices, thyme, dried",18:00,g,2042,200,0.28,"tsp, leaves",1.0,1.0,200,Spices and Herbs
"Spices, thyme, dried",16:1 undifferentiated,g,2042,200,0.0,"tsp, leaves",1.0,1.0,200,Spices and Herbs
"Spices, thyme, dried",16:00,g,2042,200,1.72,"tsp, leaves",1.0,1.0,200,Spices and Herbs
"Spices, thyme, dried",14:00,g,2042,200,0.15,"tsp, leaves",1.0,1.0,200,Spices and Herbs
"Spices, thyme, dried",12:00,g,2042,200,0.23,"tsp, leaves",1.0,1.0,200,Spices and Herbs
"Spices, thyme, dried",08:00,g,2042,200,0.24,"tsp, leaves",1.0,1.0,200,Spices and Herbs
"Spices, thyme, dried",06:00,g,2042,200,0.0,"tsp, leaves",1.0,1.0,200,Spices and Herbs
"Spices, thyme, dried",04:00,g,2042,200,0.0,"tsp, leaves",1.0,1.0,200,Spices and Herbs
"Spices, thyme, dried",Folate,µg,2042,200,274.0,"tsp, leaves",1.0,1.0,200,Spices and Herbs
"Spices, thyme, dried",20:5 n-3 (EPA),g,2042,200,0.0,"tsp, leaves",1.0,1.0,200,Spices and Herbs
"Spices, thyme, dried",22:1 undifferentiated,g,2042,200,0.0,"tsp, leaves",1.0,1.0,200,Spices and Herbs
"Spices, thyme, dried",10:00,g,2042,200,0.12,"tsp, leaves",1.0,1.0,200,Spices and Herbs
"Spices, thyme, dried",22:6 n-3 (DHA),g,2042,200,0.0,"tsp, leaves",1.0,1.0,200,Spices and Herbs
"Spices, thyme, dried",22:5 n-3 (DPA),g,2042,200,0.0,"tsp, leaves",1.0,1.0,200,Spices and Herbs
"Spices, thyme, dried","Fatty acids, total saturated",g,2042,200,2.73,"tsp, leaves",1.0,1.0,200,Spices and Herbs
"Spices, thyme, dried","Fatty acids, total polyunsaturated",g,2042,200,1.19,"tsp, leaves",1.0,1.0,200,Spices and Herbs
"Spices, thyme, dried",Energy,kcal,2042,200,276.0,"tsp, leaves",1.0,1.0,200,Spices and Herbs
"Spices, thyme, dried",Energy,kJ,2042,200,1156.0,"tsp, leaves",1.0,1.0,200,Spices and Herbs
"Spices, thyme, dried","Cryptoxanthin, beta",µg,2042,200,33.0,"tsp, leaves",1.0,1.0,200,Spices and Herbs
"Spices, thyme, dried",Copper,mg,2042,200,0.86,"tsp, leaves",1.0,1.0,200,Spices and Herbs
"Spices, thyme, dried",Choline,mg,2042,200,43.6,"tsp, leaves",1.0,1.0,200,Spices and Herbs
"Spices, thyme, dried","Fatty acids, total monounsaturated",g,2042,200,0.47,"tsp, leaves",1.0,1.0,200,Spices and Herbs
"Spices, thyme, dried","Carotene, beta",µg,2042,200,2264.0,"tsp, leaves",1.0,1.0,200,Spices and Herbs
"Spices, thyme, dried","Carotene, alpha",µg,2042,200,0.0,"tsp, leaves",1.0,1.0,200,Spices and Herbs
"Spices, thyme, dried",Carbohydrate,g,2042,200,63.94,"tsp, leaves",1.0,1.0,200,Spices and Herbs
"Spices, thyme, dried",Calcium,mg,2042,200,1890.0,"tsp, leaves",1.0,1.0,200,Spices and Herbs
"Spices, thyme, dried",Caffeine,mg,2042,200,0.0,"tsp, leaves",1.0,1.0,200,Spices and Herbs
"Spices, thyme, dried",Ash,g,2042,200,11.74,"tsp, leaves",1.0,1.0,200,Spices and Herbs
"Spices, thyme, dried",Cholesterol,mg,2042,200,0.0,"tsp, leaves",1.0,1.0,200,Spices and Herbs
"Spices, thyme, dried",Alcohol,g,2042,200,0.0,"tsp, leaves",1.0,1.0,200,Spices and Herbs
"Spices, turmeric, ground",Maltose,g,2043,200,0.0,tsp,1.0,3.0,200,Spices and Herbs
"Spices, turmeric, ground",Manganese,mg,2043,200,19.8,tsp,1.0,3.0,200,Spices and Herbs
"Spices, turmeric, ground",Methionine,g,2043,200,0.14,tsp,1.0,3.0,200,Spices and Herbs
"Spices, turmeric, ground",Niacin,mg,2043,200,1.35,tsp,1.0,3.0,200,Spices and Herbs
"Spices, turmeric, ground",Pantothenic Acid,mg,2043,200,0.542,tsp,1.0,3.0,200,Spices and Herbs
"Spices, turmeric, ground",Potassium,mg,2043,200,2080.0,tsp,1.0,3.0,200,Spices and Herbs
"Spices, turmeric, ground",Phosphorus,mg,2043,200,299.0,tsp,1.0,3.0,200,Spices and Herbs
"Spices, turmeric, ground",Proline,g,2043,200,0.48,tsp,1.0,3.0,200,Spices and Herbs
"Spices, turmeric, ground",Protein,g,2043,200,9.68,tsp,1.0,3.0,200,Spices and Herbs
"Spices, turmeric, ground",Magnesium,mg,2043,200,208.0,tsp,1.0,3.0,200,Spices and Herbs
"Spices, turmeric, ground",Retinol,µg,2043,200,0.0,tsp,1.0,3.0,200,Spices and Herbs
"Spices, turmeric, ground",Phenylalanine,g,2043,200,0.53,tsp,1.0,3.0,200,Spices and Herbs
"Spices, turmeric, ground",Lysine,g,2043,200,0.38,tsp,1.0,3.0,200,Spices and Herbs
"Spices, turmeric, ground",Glycine,g,2043,200,0.47,tsp,1.0,3.0,200,Spices and Herbs
"Spices, turmeric, ground",Lutein + zeaxanthin,µg,2043,200,0.0,tsp,1.0,3.0,200,Spices and Herbs
"Spices, turmeric, ground",Leucine,g,2043,200,0.81,tsp,1.0,3.0,200,Spices and Herbs
"Spices, turmeric, ground",Lactose,g,2043,200,0.0,tsp,1.0,3.0,200,Spices and Herbs
"Spices, turmeric, ground",Isoleucine,g,2043,200,0.47,tsp,1.0,3.0,200,Spices and Herbs
"Spices, turmeric, ground",Iron,mg,2043,200,55.0,tsp,1.0,3.0,200,Spices and Herbs
"Spices, turmeric, ground",Hydroxyproline,g,2043,200,0.0,tsp,1.0,3.0,200,Spices and Herbs
"Spices, turmeric, ground",Histidine,g,2043,200,0.15,tsp,1.0,3.0,200,Spices and Herbs
"Spices, turmeric, ground",Glutamic acid,g,2043,200,1.14,tsp,1.0,3.0,200,Spices and Herbs
"Spices, turmeric, ground",Glucose (dextrose),g,2043,200,0.38,tsp,1.0,3.0,200,Spices and Herbs
"Spices, turmeric, ground",Galactose,g,2043,200,0.0,tsp,1.0,3.0,200,Spices and Herbs
"Spices, turmeric, ground",Fructose,g,2043,200,0.45,tsp,1.0,3.0,200,Spices and Herbs
"Spices, turmeric, ground",Folic acid,µg,2043,200,0.0,tsp,1.0,3.0,200,Spices and Herbs
"Spices, turmeric, ground",Riboflavin,mg,2043,200,0.15,tsp,1.0,3.0,200,Spices and Herbs
"Spices, turmeric, ground",Lycopene,µg,2043,200,0.0,tsp,1.0,3.0,200,Spices and Herbs
"Spices, turmeric, ground",Selenium,µg,2043,200,6.2,tsp,1.0,3.0,200,Spices and Herbs
"Spices, turmeric, ground",Tryptophan,g,2043,200,0.17,tsp,1.0,3.0,200,Spices and Herbs
"Spices, turmeric, ground",Sodium,mg,2043,200,27.0,tsp,1.0,3.0,200,Spices and Herbs
"Spices, turmeric, ground",Vitamin K,µg,2043,200,13.4,tsp,1.0,3.0,200,Spices and Herbs
"Spices, turmeric, ground","Vitamin E, added",mg,2043,200,0.0,tsp,1.0,3.0,200,Spices and Herbs
"Spices, turmeric, ground",Vitamin E,mg,2043,200,4.43,tsp,1.0,3.0,200,Spices and Herbs
"Spices, turmeric, ground",Vitamin D,µg,2043,200,0.0,tsp,1.0,3.0,200,Spices and Herbs
"Spices, turmeric, ground",Vitamin C,mg,2043,200,0.7,tsp,1.0,3.0,200,Spices and Herbs
"Spices, turmeric, ground",Vitamin B-6,mg,2043,200,0.107,tsp,1.0,3.0,200,Spices and Herbs
"Spices, turmeric, ground","Vitamin B-12, added",µg,2043,200,0.0,tsp,1.0,3.0,200,Spices and Herbs
"Spices, turmeric, ground",Vitamin B-12,µg,2043,200,0.0,tsp,1.0,3.0,200,Spices and Herbs
"Spices, turmeric, ground",Vitamin A,µg,2043,200,0.0,tsp,1.0,3.0,200,Spices and Herbs
"Spices, turmeric, ground",Valine,g,2043,200,0.66,tsp,1.0,3.0,200,Spices and Herbs
"Spices, turmeric, ground",Tyrosine,g,2043,200,0.32,tsp,1.0,3.0,200,Spices and Herbs
"Spices, turmeric, ground","Folate, food",µg,2043,200,20.0,tsp,1.0,3.0,200,Spices and Herbs
"Spices, turmeric, ground",Total lipid (fat),g,2043,200,3.25,tsp,1.0,3.0,200,Spices and Herbs
"Spices, turmeric, ground",Total Water,g,2043,200,12.85,tsp,1.0,3.0,200,Spices and Herbs
"Spices, turmeric, ground",Total Fiber,g,2043,200,22.7,tsp,1.0,3.0,200,Spices and Herbs
"Spices, turmeric, ground","Tocotrienol, gamma",mg,2043,200,0.05,tsp,1.0,3.0,200,Spices and Herbs
"Spices, turmeric, ground","Tocotrienol, delta",mg,2043,200,0.0,tsp,1.0,3.0,200,Spices and Herbs
"Spices, turmeric, ground","Tocotrienol, beta",mg,2043,200,0.0,tsp,1.0,3.0,200,Spices and Herbs
"Spices, turmeric, ground","Tocotrienol, alpha",mg,2043,200,0.12,tsp,1.0,3.0,200,Spices and Herbs
"Spices, turmeric, ground","Tocopherol, gamma",mg,2043,200,0.72,tsp,1.0,3.0,200,Spices and Herbs
"Spices, turmeric, ground","Tocopherol, delta",mg,2043,200,0.0,tsp,1.0,3.0,200,Spices and Herbs
"Spices, turmeric, ground","Tocopherol, beta",mg,2043,200,0.01,tsp,1.0,3.0,200,Spices and Herbs
"Spices, turmeric, ground",Threonine,g,2043,200,0.33,tsp,1.0,3.0,200,Spices and Herbs
"Spices, turmeric, ground",Thiamin,mg,2043,200,0.058,tsp,1.0,3.0,200,Spices and Herbs
"Spices, turmeric, ground",Theobromine,mg,2043,200,0.0,tsp,1.0,3.0,200,Spices and Herbs
"Spices, turmeric, ground","Sugars, total",g,2043,200,3.21,tsp,1.0,3.0,200,Spices and Herbs
"Spices, turmeric, ground",Sucrose,g,2043,200,2.38,tsp,1.0,3.0,200,Spices and Herbs
"Spices, turmeric, ground",Serine,g,2043,200,0.28,tsp,1.0,3.0,200,Spices and Herbs
"Spices, turmeric, ground","Folate, DFE",µg,2043,200,20.0,tsp,1.0,3.0,200,Spices and Herbs
"Spices, turmeric, ground",Zinc,mg,2043,200,4.5,tsp,1.0,3.0,200,Spices and Herbs
"Spices, turmeric, ground","Fatty acids, total trans-monoenoic",g,2043,200,0.056,tsp,1.0,3.0,200,Spices and Herbs
"Spices, turmeric, ground",20:4 undifferentiated,g,2043,200,0.0,tsp,1.0,3.0,200,Spices and Herbs
"Spices, turmeric, ground",20:3 undifferentiated,g,2043,200,0.0,tsp,1.0,3.0,200,Spices and Herbs
"Spices, turmeric, ground","20:2 n-6 c,c",g,2043,200,0.0,tsp,1.0,3.0,200,Spices and Herbs
"Spices, turmeric, ground",20:01,g,2043,200,0.0,tsp,1.0,3.0,200,Spices and Herbs
"Spices, turmeric, ground",20:00,g,2043,200,0.097,tsp,1.0,3.0,200,Spices and Herbs
"Spices, turmeric, ground",18:3 undifferentiated,g,2043,200,0.084,tsp,1.0,3.0,200,Spices and Herbs
"Spices, turmeric, ground","18:3 n-6 c,c,c",g,2043,200,0.081,tsp,1.0,3.0,200,Spices and Herbs
"Spices, turmeric, ground",18:2 undifferentiated,g,2043,200,0.672,tsp,1.0,3.0,200,Spices and Herbs
"Spices, turmeric, ground",18:1 undifferentiated,g,2043,200,0.131,tsp,1.0,3.0,200,Spices and Herbs
"Spices, turmeric, ground",18:1 t,g,2043,200,0.056,tsp,1.0,3.0,200,Spices and Herbs
"Spices, turmeric, ground",18:1 c,g,2043,200,0.075,tsp,1.0,3.0,200,Spices and Herbs
"Spices, turmeric, ground",18:04,g,2043,200,0.0,tsp,1.0,3.0,200,Spices and Herbs
"Spices, turmeric, ground",18:00,g,2043,200,0.003,tsp,1.0,3.0,200,Spices and Herbs
"Spices, turmeric, ground",17:01,g,2043,200,0.164,tsp,1.0,3.0,200,Spices and Herbs
"Spices, turmeric, ground",17:00,g,2043,200,0.335,tsp,1.0,3.0,200,Spices and Herbs
"Spices, turmeric, ground",16:1 undifferentiated,g,2043,200,0.0,tsp,1.0,3.0,200,Spices and Herbs
"Spices, turmeric, ground",16:00,g,2043,200,0.155,tsp,1.0,3.0,200,Spices and Herbs
"Spices, turmeric, ground",15:01,g,2043,200,0.0,tsp,1.0,3.0,200,Spices and Herbs
"Spices, turmeric, ground",15:00,g,2043,200,0.0,tsp,1.0,3.0,200,Spices and Herbs
"Spices, turmeric, ground",14:01,g,2043,200,0.154,tsp,1.0,3.0,200,Spices and Herbs
"Spices, turmeric, ground",14:00,g,2043,200,0.394,tsp,1.0,3.0,200,Spices and Herbs
"Spices, turmeric, ground",13:00,g,2043,200,0.0,tsp,1.0,3.0,200,Spices and Herbs
"Spices, turmeric, ground",12:00,g,2043,200,0.003,tsp,1.0,3.0,200,Spices and Herbs
"Spices, turmeric, ground",10:00,g,2043,200,0.848,tsp,1.0,3.0,200,Spices and Herbs
"Spices, turmeric, ground",08:00,g,2043,200,0.003,tsp,1.0,3.0,200,Spices and Herbs
"Spices, turmeric, ground",06:00,g,2043,200,0.0,tsp,1.0,3.0,200,Spices and Herbs
"Spices, turmeric, ground",Folate,µg,2043,200,20.0,tsp,1.0,3.0,200,Spices and Herbs
"Spices, turmeric, ground",20:5 n-3 (EPA),g,2043,200,0.0,tsp,1.0,3.0,200,Spices and Herbs
"Spices, turmeric, ground",22:00,g,2043,200,0.0,tsp,1.0,3.0,200,Spices and Herbs
"Spices, turmeric, ground",04:00,g,2043,200,0.0,tsp,1.0,3.0,200,Spices and Herbs
"Spices, turmeric, ground",22:5 n-3 (DPA),g,2043,200,0.0,tsp,1.0,3.0,200,Spices and Herbs
"Spices, turmeric, ground","Fatty acids, total trans",g,2043,200,0.056,tsp,1.0,3.0,200,Spices and Herbs
"Spices, turmeric, ground","Fatty acids, total saturated",g,2043,200,1.838,tsp,1.0,3.0,200,Spices and Herbs
"Spices, turmeric, ground","Fatty acids, total polyunsaturated",g,2043,200,0.756,tsp,1.0,3.0,200,Spices and Herbs
"Spices, turmeric, ground","Fatty acids, total monounsaturated",g,2043,200,0.449,tsp,1.0,3.0,200,Spices and Herbs
"Spices, turmeric, ground",Energy,kcal,2043,200,312.0,tsp,1.0,3.0,200,Spices and Herbs
"Spices, turmeric, ground",Energy,kJ,2043,200,1305.0,tsp,1.0,3.0,200,Spices and Herbs
"Spices, turmeric, ground",Dihydrophylloquinone,µg,2043,200,0.0,tsp,1.0,3.0,200,Spices and Herbs
"Spices, turmeric, ground",22:1 undifferentiated,g,2043,200,0.0,tsp,1.0,3.0,200,Spices and Herbs
"Spices, turmeric, ground","Cryptoxanthin, beta",µg,2043,200,0.0,tsp,1.0,3.0,200,Spices and Herbs
"Spices, turmeric, ground",Copper,mg,2043,200,1.3,tsp,1.0,3.0,200,Spices and Herbs
"Spices, turmeric, ground",Choline,mg,2043,200,49.2,tsp,1.0,3.0,200,Spices and Herbs
"Spices, turmeric, ground",Cholesterol,mg,2043,200,0.0,tsp,1.0,3.0,200,Spices and Herbs
"Spices, turmeric, ground","Carotene, beta",µg,2043,200,0.0,tsp,1.0,3.0,200,Spices and Herbs
"Spices, turmeric, ground",Cystine,g,2043,200,0.15,tsp,1.0,3.0,200,Spices and Herbs
"Spices, turmeric, ground",Carbohydrate,g,2043,200,67.14,tsp,1.0,3.0,200,Spices and Herbs
"Spices, turmeric, ground","Carotene, alpha",µg,2043,200,0.0,tsp,1.0,3.0,200,Spices and Herbs
"Spices, turmeric, ground",24:00:00,g,2043,200,0.0,tsp,1.0,3.0,200,Spices and Herbs
"Spices, turmeric, ground",24:1 c,g,2043,200,0.0,tsp,1.0,3.0,200,Spices and Herbs
"Spices, turmeric, ground",Alcohol,g,2043,200,0.0,tsp,1.0,3.0,200,Spices and Herbs
"Spices, turmeric, ground",Alpha-Linolenic Acid,g,2043,200,0.003,tsp,1.0,3.0,200,Spices and Herbs
"Spices, turmeric, ground",Alanine,g,2043,200,0.33,tsp,1.0,3.0,200,Spices and Herbs
"Spices, turmeric, ground",Ash,g,2043,200,7.08,tsp,1.0,3.0,200,Spices and Herbs
"Spices, turmeric, ground",Aspartic acid,g,2043,200,1.86,tsp,1.0,3.0,200,Spices and Herbs
"Spices, turmeric, ground",Betaine,mg,2043,200,9.7,tsp,1.0,3.0,200,Spices and Herbs
"Spices, turmeric, ground",Caffeine,mg,2043,200,0.0,tsp,1.0,3.0,200,Spices and Herbs
"Spices, turmeric, ground",Calcium,mg,2043,200,168.0,tsp,1.0,3.0,200,Spices and Herbs
"Spices, turmeric, ground",Arginine,g,2043,200,0.54,tsp,1.0,3.0,200,Spices and Herbs
"Spices, turmeric, ground",22:6 n-3 (DHA),g,2043,200,0.0,tsp,1.0,3.0,200,Spices and Herbs
"Thyme, fresh",Retinol,µg,2049,200,0.0,tsp,1.0,0.8,200,Spices and Herbs
"Thyme, fresh",Protein,g,2049,200,5.56,tsp,1.0,0.8,200,Spices and Herbs
"Thyme, fresh",Potassium,mg,2049,200,609.0,tsp,1.0,0.8,200,Spices and Herbs
"Thyme, fresh",Phosphorus,mg,2049,200,106.0,tsp,1.0,0.8,200,Spices and Herbs
"Thyme, fresh",Manganese,mg,2049,200,1.719,tsp,1.0,0.8,200,Spices and Herbs
"Thyme, fresh",Niacin,mg,2049,200,1.824,tsp,1.0,0.8,200,Spices and Herbs
"Thyme, fresh",Magnesium,mg,2049,200,160.0,tsp,1.0,0.8,200,Spices and Herbs
"Thyme, fresh",Riboflavin,mg,2049,200,0.471,tsp,1.0,0.8,200,Spices and Herbs
"Thyme, fresh",Lysine,g,2049,200,0.126,tsp,1.0,0.8,200,Spices and Herbs
"Thyme, fresh",Pantothenic Acid,mg,2049,200,0.409,tsp,1.0,0.8,200,Spices and Herbs
"Thyme, fresh",Sodium,mg,2049,200,9.0,tsp,1.0,0.8,200,Spices and Herbs
"Thyme, fresh",Vitamin A,µg,2049,200,238.0,tsp,1.0,0.8,200,Spices and Herbs
"Thyme, fresh",Threonine,g,2049,200,0.154,tsp,1.0,0.8,200,Spices and Herbs
"Thyme, fresh",Total Fiber,g,2049,200,14.0,tsp,1.0,0.8,200,Spices and Herbs
"Thyme, fresh",Total Water,g,2049,200,65.11,tsp,1.0,0.8,200,Spices and Herbs
"Thyme, fresh",Total lipid (fat),g,2049,200,1.68,tsp,1.0,0.8,200,Spices and Herbs
"Thyme, fresh",Tryptophan,g,2049,200,0.114,tsp,1.0,0.8,200,Spices and Herbs
"Thyme, fresh",Valine,g,2049,200,0.307,tsp,1.0,0.8,200,Spices and Herbs
"Thyme, fresh",Vitamin B-12,µg,2049,200,0.0,tsp,1.0,0.8,200,Spices and Herbs
"Thyme, fresh",Vitamin C,mg,2049,200,160.1,tsp,1.0,0.8,200,Spices and Herbs
"Thyme, fresh",Vitamin D,µg,2049,200,0.0,tsp,1.0,0.8,200,Spices and Herbs
"Thyme, fresh",Zinc,mg,2049,200,1.81,tsp,1.0,0.8,200,Spices and Herbs
"Thyme, fresh",Leucine,g,2049,200,0.262,tsp,1.0,0.8,200,Spices and Herbs
"Thyme, fresh",Thiamin,mg,2049,200,0.048,tsp,1.0,0.8,200,Spices and Herbs
"Thyme, fresh",Isoleucine,g,2049,200,0.285,tsp,1.0,0.8,200,Spices and Herbs
"Thyme, fresh",Vitamin B-6,mg,2049,200,0.348,tsp,1.0,0.8,200,Spices and Herbs
"Thyme, fresh",Folic acid,µg,2049,200,0.0,tsp,1.0,0.8,200,Spices and Herbs
"Thyme, fresh",08:00,g,2049,200,0.041,tsp,1.0,0.8,200,Spices and Herbs
"Thyme, fresh",10:00,g,2049,200,0.021,tsp,1.0,0.8,200,Spices and Herbs
"Thyme, fresh",12:00,g,2049,200,0.039,tsp,1.0,0.8,200,Spices and Herbs
"Thyme, fresh",Iron,mg,2049,200,17.45,tsp,1.0,0.8,200,Spices and Herbs
"Thyme, fresh",14:00,g,2049,200,0.026,tsp,1.0,0.8,200,Spices and Herbs
"Thyme, fresh",16:00,g,2049,200,0.293,tsp,1.0,0.8,200,Spices and Herbs
"Thyme, fresh",18:1 undifferentiated,g,2049,200,0.081,tsp,1.0,0.8,200,Spices and Herbs
"Thyme, fresh",18:2 undifferentiated,g,2049,200,0.085,tsp,1.0,0.8,200,Spices and Herbs
"Thyme, fresh",18:3 undifferentiated,g,2049,200,0.447,tsp,1.0,0.8,200,Spices and Herbs
"Thyme, fresh",Ash,g,2049,200,3.2,tsp,1.0,0.8,200,Spices and Herbs
"Thyme, fresh",Calcium,mg,2049,200,405.0,tsp,1.0,0.8,200,Spices and Herbs
"Thyme, fresh",Carbohydrate,g,2049,200,24.45,tsp,1.0,0.8,200,Spices and Herbs
"Thyme, fresh",18:00,g,2049,200,0.047,tsp,1.0,0.8,200,Spices and Herbs
"Thyme, fresh",Cholesterol,mg,2049,200,0.0,tsp,1.0,0.8,200,Spices and Herbs
"Thyme, fresh","Carotene, beta",µg,2049,200,2851.0,tsp,1.0,0.8,200,Spices and Herbs
"Thyme, fresh","Folate, food",µg,2049,200,45.0,tsp,1.0,0.8,200,Spices and Herbs
"Thyme, fresh","Folate, DFE",µg,2049,200,45.0,tsp,1.0,0.8,200,Spices and Herbs
"Thyme, fresh",Folate,µg,2049,200,45.0,tsp,1.0,0.8,200,Spices and Herbs
"Thyme, fresh","Fatty acids, total saturated",g,2049,200,0.467,tsp,1.0,0.8,200,Spices and Herbs
"Thyme, fresh","Fatty acids, total trans",g,2049,200,0.0,tsp,1.0,0.8,200,Spices and Herbs
"Thyme, fresh","Fatty acids, total monounsaturated",g,2049,200,0.081,tsp,1.0,0.8,200,Spices and Herbs
"Thyme, fresh",Energy,kcal,2049,200,101.0,tsp,1.0,0.8,200,Spices and Herbs
"Thyme, fresh",Energy,kJ,2049,200,423.0,tsp,1.0,0.8,200,Spices and Herbs
"Thyme, fresh",Copper,mg,2049,200,0.555,tsp,1.0,0.8,200,Spices and Herbs
"Thyme, fresh","Fatty acids, total polyunsaturated",g,2049,200,0.532,tsp,1.0,0.8,200,Spices and Herbs
Vanilla extract,Retinol,µg,2050,200,0.0,tsp,1.0,4.2,200,Spices and Herbs
Vanilla extract,Protein,g,2050,200,0.06,tsp,1.0,4.2,200,Spices and Herbs
Vanilla extract,Potassium,mg,2050,200,148.0,tsp,1.0,4.2,200,Spices and Herbs
Vanilla extract,Phosphorus,mg,2050,200,6.0,tsp,1.0,4.2,200,Spices and Herbs
Vanilla extract,Pantothenic Acid,mg,2050,200,0.035,tsp,1.0,4.2,200,Spices and Herbs
Vanilla extract,Niacin,mg,2050,200,0.425,tsp,1.0,4.2,200,Spices and Herbs
Vanilla extract,Lutein + zeaxanthin,µg,2050,200,0.0,tsp,1.0,4.2,200,Spices and Herbs
Vanilla extract,Magnesium,mg,2050,200,12.0,tsp,1.0,4.2,200,Spices and Herbs
Vanilla extract,Lycopene,µg,2050,200,0.0,tsp,1.0,4.2,200,Spices and Herbs
Vanilla extract,Riboflavin,mg,2050,200,0.095,tsp,1.0,4.2,200,Spices and Herbs
Vanilla extract,Iron,mg,2050,200,0.12,tsp,1.0,4.2,200,Spices and Herbs
Vanilla extract,Folic acid,µg,2050,200,0.0,tsp,1.0,4.2,200,Spices and Herbs
Vanilla extract,"Folate, food",µg,2050,200,0.0,tsp,1.0,4.2,200,Spices and Herbs
Vanilla extract,"Folate, DFE",µg,2050,200,0.0,tsp,1.0,4.2,200,Spices and Herbs
Vanilla extract,Manganese,mg,2050,200,0.23,tsp,1.0,4.2,200,Spices and Herbs
Vanilla extract,Selenium,µg,2050,200,0.0,tsp,1.0,4.2,200,Spices and Herbs
Vanilla extract,Total Fiber,g,2050,200,0.0,tsp,1.0,4.2,200,Spices and Herbs
Vanilla extract,"Sugars, total",g,2050,200,12.65,tsp,1.0,4.2,200,Spices and Herbs
Vanilla extract,Folate,µg,2050,200,0.0,tsp,1.0,4.2,200,Spices and Herbs
Vanilla extract,Zinc,mg,2050,200,0.11,tsp,1.0,4.2,200,Spices and Herbs
Vanilla extract,Vitamin K,µg,2050,200,0.0,tsp,1.0,4.2,200,Spices and Herbs
Vanilla extract,"Vitamin E, added",mg,2050,200,0.0,tsp,1.0,4.2,200,Spices and Herbs
Vanilla extract,Vitamin E,mg,2050,200,0.0,tsp,1.0,4.2,200,Spices and Herbs
Vanilla extract,Vitamin D,µg,2050,200,0.0,tsp,1.0,4.2,200,Spices and Herbs
Vanilla extract,Sodium,mg,2050,200,9.0,tsp,1.0,4.2,200,Spices and Herbs
Vanilla extract,Vitamin C,mg,2050,200,0.0,tsp,1.0,4.2,200,Spices and Herbs
Vanilla extract,"Vitamin B-12, added",µg,2050,200,0.0,tsp,1.0,4.2,200,Spices and Herbs
Vanilla extract,Vitamin B-12,µg,2050,200,0.0,tsp,1.0,4.2,200,Spices and Herbs
Vanilla extract,Vitamin A,µg,2050,200,0.0,tsp,1.0,4.2,200,Spices and Herbs
Vanilla extract,Total lipid (fat),g,2050,200,0.06,tsp,1.0,4.2,200,Spices and Herbs
Vanilla extract,Total Water,g,2050,200,52.58,tsp,1.0,4.2,200,Spices and Herbs
Vanilla extract,Thiamin,mg,2050,200,0.011,tsp,1.0,4.2,200,Spices and Herbs
Vanilla extract,Vitamin B-6,mg,2050,200,0.026,tsp,1.0,4.2,200,Spices and Herbs
Vanilla extract,"Fatty acids, total trans",g,2050,200,0.0,tsp,1.0,4.2,200,Spices and Herbs
Vanilla extract,Theobromine,mg,2050,200,0.0,tsp,1.0,4.2,200,Spices and Herbs
Vanilla extract,"Fatty acids, total polyunsaturated",g,2050,200,0.004,tsp,1.0,4.2,200,Spices and Herbs
Vanilla extract,"Fatty acids, total saturated",g,2050,200,0.01,tsp,1.0,4.2,200,Spices and Herbs
Vanilla extract,20:01,g,2050,200,0.0,tsp,1.0,4.2,200,Spices and Herbs
Vanilla extract,18:3 undifferentiated,g,2050,200,0.001,tsp,1.0,4.2,200,Spices and Herbs
Vanilla extract,18:2 undifferentiated,g,2050,200,0.003,tsp,1.0,4.2,200,Spices and Herbs
Vanilla extract,18:1 undifferentiated,g,2050,200,0.008,tsp,1.0,4.2,200,Spices and Herbs
Vanilla extract,18:00,g,2050,200,0.001,tsp,1.0,4.2,200,Spices and Herbs
Vanilla extract,20:4 undifferentiated,g,2050,200,0.0,tsp,1.0,4.2,200,Spices and Herbs
Vanilla extract,16:1 undifferentiated,g,2050,200,0.0,tsp,1.0,4.2,200,Spices and Herbs
Vanilla extract,14:00,g,2050,200,0.0,tsp,1.0,4.2,200,Spices and Herbs
Vanilla extract,12:00,g,2050,200,0.0,tsp,1.0,4.2,200,Spices and Herbs
Vanilla extract,10:00,g,2050,200,0.0,tsp,1.0,4.2,200,Spices and Herbs
Vanilla extract,08:00,g,2050,200,0.0,tsp,1.0,4.2,200,Spices and Herbs
Vanilla extract,06:00,g,2050,200,0.0,tsp,1.0,4.2,200,Spices and Herbs
Vanilla extract,04:00,g,2050,200,0.0,tsp,1.0,4.2,200,Spices and Herbs
Vanilla extract,16:00,g,2050,200,0.005,tsp,1.0,4.2,200,Spices and Herbs
Vanilla extract,20:5 n-3 (EPA),g,2050,200,0.0,tsp,1.0,4.2,200,Spices and Herbs
Vanilla extract,18:04,g,2050,200,0.0,tsp,1.0,4.2,200,Spices and Herbs
Vanilla extract,22:5 n-3 (DPA),g,2050,200,0.0,tsp,1.0,4.2,200,Spices and Herbs
Vanilla extract,22:1 undifferentiated,g,2050,200,0.0,tsp,1.0,4.2,200,Spices and Herbs
Vanilla extract,Energy,kcal,2050,200,288.0,tsp,1.0,4.2,200,Spices and Herbs
Vanilla extract,Energy,kJ,2050,200,1205.0,tsp,1.0,4.2,200,Spices and Herbs
Vanilla extract,"Cryptoxanthin, beta",µg,2050,200,0.0,tsp,1.0,4.2,200,Spices and Herbs
Vanilla extract,Copper,mg,2050,200,0.072,tsp,1.0,4.2,200,Spices and Herbs
Vanilla extract,Cholesterol,mg,2050,200,0.0,tsp,1.0,4.2,200,Spices and Herbs
Vanilla extract,"Carotene, beta",µg,2050,200,0.0,tsp,1.0,4.2,200,Spices and Herbs
Vanilla extract,"Fatty acids, total monounsaturated",g,2050,200,0.01,tsp,1.0,4.2,200,Spices and Herbs
Vanilla extract,Carbohydrate,g,2050,200,12.65,tsp,1.0,4.2,200,Spices and Herbs
Vanilla extract,Calcium,mg,2050,200,11.0,tsp,1.0,4.2,200,Spices and Herbs
Vanilla extract,Caffeine,mg,2050,200,0.0,tsp,1.0,4.2,200,Spices and Herbs
Vanilla extract,Ash,g,2050,200,0.26,tsp,1.0,4.2,200,Spices and Herbs
Vanilla extract,Alcohol,g,2050,200,34.4,tsp,1.0,4.2,200,Spices and Herbs
Vanilla extract,22:6 n-3 (DHA),g,2050,200,0.0,tsp,1.0,4.2,200,Spices and Herbs
Vanilla extract,"Carotene, alpha",µg,2050,200,0.0,tsp,1.0,4.2,200,Spices and Herbs
"Vanilla extract, imitation, alcohol",Protein,g,2051,200,0.05,tsp,1.0,4.2,200,Spices and Herbs
"Vanilla extract, imitation, alcohol",Retinol,µg,2051,200,0.0,tsp,1.0,4.2,200,Spices and Herbs
"Vanilla extract, imitation, alcohol",Riboflavin,mg,2051,200,0.071,tsp,1.0,4.2,200,Spices and Herbs
"Vanilla extract, imitation, alcohol",Sodium,mg,2051,200,4.0,tsp,1.0,4.2,200,Spices and Herbs
"Vanilla extract, imitation, alcohol",Thiamin,mg,2051,200,0.008,tsp,1.0,4.2,200,Spices and Herbs
"Vanilla extract, imitation, alcohol",Total Fiber,g,2051,200,0.0,tsp,1.0,4.2,200,Spices and Herbs
"Vanilla extract, imitation, alcohol",Total Water,g,2051,200,64.46,tsp,1.0,4.2,200,Spices and Herbs
"Vanilla extract, imitation, alcohol",Vitamin B-12,µg,2051,200,0.0,tsp,1.0,4.2,200,Spices and Herbs
"Vanilla extract, imitation, alcohol",Vitamin A,µg,2051,200,0.0,tsp,1.0,4.2,200,Spices and Herbs
"Vanilla extract, imitation, alcohol",Vitamin B-6,mg,2051,200,0.019,tsp,1.0,4.2,200,Spices and Herbs
"Vanilla extract, imitation, alcohol",Vitamin C,mg,2051,200,0.0,tsp,1.0,4.2,200,Spices and Herbs
"Vanilla extract, imitation, alcohol",Vitamin D,µg,2051,200,0.0,tsp,1.0,4.2,200,Spices and Herbs
"Vanilla extract, imitation, alcohol",Zinc,mg,2051,200,0.06,tsp,1.0,4.2,200,Spices and Herbs
"Vanilla extract, imitation, alcohol",Potassium,mg,2051,200,98.0,tsp,1.0,4.2,200,Spices and Herbs
"Vanilla extract, imitation, alcohol",Total lipid (fat),g,2051,200,0.0,tsp,1.0,4.2,200,Spices and Herbs
"Vanilla extract, imitation, alcohol",Phosphorus,mg,2051,200,22.0,tsp,1.0,4.2,200,Spices and Herbs
"Vanilla extract, imitation, alcohol",Pantothenic Acid,mg,2051,200,0.026,tsp,1.0,4.2,200,Spices and Herbs
"Vanilla extract, imitation, alcohol",Alcohol,g,2051,200,32.9,tsp,1.0,4.2,200,Spices and Herbs
"Vanilla extract, imitation, alcohol",Ash,g,2051,200,0.22,tsp,1.0,4.2,200,Spices and Herbs
"Vanilla extract, imitation, alcohol",Calcium,mg,2051,200,0.0,tsp,1.0,4.2,200,Spices and Herbs
"Vanilla extract, imitation, alcohol",Carbohydrate,g,2051,200,2.41,tsp,1.0,4.2,200,Spices and Herbs
"Vanilla extract, imitation, alcohol",Cholesterol,mg,2051,200,0.0,tsp,1.0,4.2,200,Spices and Herbs
"Vanilla extract, imitation, alcohol",Niacin,mg,2051,200,0.318,tsp,1.0,4.2,200,Spices and Herbs
"Vanilla extract, imitation, alcohol",Energy,kJ,2051,200,992.0,tsp,1.0,4.2,200,Spices and Herbs
"Vanilla extract, imitation, alcohol",Energy,kcal,2051,200,237.0,tsp,1.0,4.2,200,Spices and Herbs
"Vanilla extract, imitation, alcohol",Copper,mg,2051,200,0.023,tsp,1.0,4.2,200,Spices and Herbs
"Vanilla extract, imitation, alcohol",Folate,µg,2051,200,0.0,tsp,1.0,4.2,200,Spices and Herbs
"Vanilla extract, imitation, alcohol","Folate, DFE",µg,2051,200,0.0,tsp,1.0,4.2,200,Spices and Herbs
"Vanilla extract, imitation, alcohol","Folate, food",µg,2051,200,0.0,tsp,1.0,4.2,200,Spices and Herbs
"Vanilla extract, imitation, alcohol",Folic acid,µg,2051,200,0.0,tsp,1.0,4.2,200,Spices and Herbs
"Vanilla extract, imitation, alcohol",Iron,mg,2051,200,0.13,tsp,1.0,4.2,200,Spices and Herbs
"Vanilla extract, imitation, alcohol",Magnesium,mg,2051,200,5.0,tsp,1.0,4.2,200,Spices and Herbs
"Vanilla extract, imitation, alcohol",Manganese,mg,2051,200,0.482,tsp,1.0,4.2,200,Spices and Herbs
"Vanilla extract, imitation, alcohol","Fatty acids, total trans",g,2051,200,0.0,tsp,1.0,4.2,200,Spices and Herbs
"Vanilla extract, imitation, no alcohol",Retinol,µg,2052,200,0.0,tsp,1.0,4.2,200,Spices and Herbs
"Vanilla extract, imitation, no alcohol",Protein,g,2052,200,0.03,tsp,1.0,4.2,200,Spices and Herbs
"Vanilla extract, imitation, no alcohol",Potassium,mg,2052,200,0.0,tsp,1.0,4.2,200,Spices and Herbs
"Vanilla extract, imitation, no alcohol",Phosphorus,mg,2052,200,0.0,tsp,1.0,4.2,200,Spices and Herbs
"Vanilla extract, imitation, no alcohol",Pantothenic Acid,mg,2052,200,0.011,tsp,1.0,4.2,200,Spices and Herbs
"Vanilla extract, imitation, no alcohol",Niacin,mg,2052,200,0.129,tsp,1.0,4.2,200,Spices and Herbs
"Vanilla extract, imitation, no alcohol",Manganese,mg,2052,200,0.001,tsp,1.0,4.2,200,Spices and Herbs
"Vanilla extract, imitation, no alcohol",Folate,µg,2052,200,0.0,tsp,1.0,4.2,200,Spices and Herbs
"Vanilla extract, imitation, no alcohol",Lycopene,µg,2052,200,0.0,tsp,1.0,4.2,200,Spices and Herbs
"Vanilla extract, imitation, no alcohol",Lutein + zeaxanthin,µg,2052,200,0.0,tsp,1.0,4.2,200,Spices and Herbs
"Vanilla extract, imitation, no alcohol",Iron,mg,2052,200,0.05,tsp,1.0,4.2,200,Spices and Herbs
"Vanilla extract, imitation, no alcohol",Folic acid,µg,2052,200,0.0,tsp,1.0,4.2,200,Spices and Herbs
"Vanilla extract, imitation, no alcohol","Folate, food",µg,2052,200,0.0,tsp,1.0,4.2,200,Spices and Herbs
"Vanilla extract, imitation, no alcohol","Folate, DFE",µg,2052,200,0.0,tsp,1.0,4.2,200,Spices and Herbs
"Vanilla extract, imitation, no alcohol",Riboflavin,mg,2052,200,0.029,tsp,1.0,4.2,200,Spices and Herbs
"Vanilla extract, imitation, no alcohol",Magnesium,mg,2052,200,1.0,tsp,1.0,4.2,200,Spices and Herbs
"Vanilla extract, imitation, no alcohol",Selenium,µg,2052,200,0.0,tsp,1.0,4.2,200,Spices and Herbs
"Vanilla extract, imitation, no alcohol",Vitamin B-12,µg,2052,200,0.0,tsp,1.0,4.2,200,Spices and Herbs
"Vanilla extract, imitation, no alcohol","Sugars, total",g,2052,200,14.4,tsp,1.0,4.2,200,Spices and Herbs
"Vanilla extract, imitation, no alcohol",Zinc,mg,2052,200,0.01,tsp,1.0,4.2,200,Spices and Herbs
"Vanilla extract, imitation, no alcohol",Vitamin K,µg,2052,200,0.0,tsp,1.0,4.2,200,Spices and Herbs
"Vanilla extract, imitation, no alcohol","Vitamin E, added",mg,2052,200,0.0,tsp,1.0,4.2,200,Spices and Herbs
"Vanilla extract, imitation, no alcohol",Vitamin E,mg,2052,200,0.0,tsp,1.0,4.2,200,Spices and Herbs
"Vanilla extract, imitation, no alcohol",Vitamin D,µg,2052,200,0.0,tsp,1.0,4.2,200,Spices and Herbs
"Vanilla extract, imitation, no alcohol",Vitamin C,mg,2052,200,0.0,tsp,1.0,4.2,200,Spices and Herbs
"Vanilla extract, imitation, no alcohol",Sodium,mg,2052,200,3.0,tsp,1.0,4.2,200,Spices and Herbs
"Vanilla extract, imitation, no alcohol",Vitamin B-6,mg,2052,200,0.008,tsp,1.0,4.2,200,Spices and Herbs
"Vanilla extract, imitation, no alcohol",Vitamin A,µg,2052,200,0.0,tsp,1.0,4.2,200,Spices and Herbs
"Vanilla extract, imitation, no alcohol",Total lipid (fat),g,2052,200,0.0,tsp,1.0,4.2,200,Spices and Herbs
"Vanilla extract, imitation, no alcohol",Total Water,g,2052,200,85.58,tsp,1.0,4.2,200,Spices and Herbs
"Vanilla extract, imitation, no alcohol",Total Fiber,g,2052,200,0.0,tsp,1.0,4.2,200,Spices and Herbs
"Vanilla extract, imitation, no alcohol",Thiamin,mg,2052,200,0.003,tsp,1.0,4.2,200,Spices and Herbs
"Vanilla extract, imitation, no alcohol",Theobromine,mg,2052,200,0.0,tsp,1.0,4.2,200,Spices and Herbs
"Vanilla extract, imitation, no alcohol","Vitamin B-12, added",µg,2052,200,0.0,tsp,1.0,4.2,200,Spices and Herbs
"Vanilla extract, imitation, no alcohol","Fatty acids, total trans",g,2052,200,0.0,tsp,1.0,4.2,200,Spices and Herbs
"Vanilla extract, imitation, no alcohol",Ash,g,2052,200,0.01,tsp,1.0,4.2,200,Spices and Herbs
"Vanilla extract, imitation, no alcohol","Fatty acids, total polyunsaturated",g,2052,200,0.0,tsp,1.0,4.2,200,Spices and Herbs
"Vanilla extract, imitation, no alcohol",20:01,g,2052,200,0.0,tsp,1.0,4.2,200,Spices and Herbs
"Vanilla extract, imitation, no alcohol",18:3 undifferentiated,g,2052,200,0.0,tsp,1.0,4.2,200,Spices and Herbs
"Vanilla extract, imitation, no alcohol",18:2 undifferentiated,g,2052,200,0.0,tsp,1.0,4.2,200,Spices and Herbs
"Vanilla extract, imitation, no alcohol",18:1 undifferentiated,g,2052,200,0.0,tsp,1.0,4.2,200,Spices and Herbs
"Vanilla extract, imitation, no alcohol",18:04,g,2052,200,0.0,tsp,1.0,4.2,200,Spices and Herbs
"Vanilla extract, imitation, no alcohol",16:1 undifferentiated,g,2052,200,0.0,tsp,1.0,4.2,200,Spices and Herbs
"Vanilla extract, imitation, no alcohol",20:4 undifferentiated,g,2052,200,0.0,tsp,1.0,4.2,200,Spices and Herbs
"Vanilla extract, imitation, no alcohol",16:00,g,2052,200,0.0,tsp,1.0,4.2,200,Spices and Herbs
"Vanilla extract, imitation, no alcohol",12:00,g,2052,200,0.0,tsp,1.0,4.2,200,Spices and Herbs
"Vanilla extract, imitation, no alcohol",10:00,g,2052,200,0.0,tsp,1.0,4.2,200,Spices and Herbs
"Vanilla extract, imitation, no alcohol",08:00,g,2052,200,0.0,tsp,1.0,4.2,200,Spices and Herbs
"Vanilla extract, imitation, no alcohol",06:00,g,2052,200,0.0,tsp,1.0,4.2,200,Spices and Herbs
"Vanilla extract, imitation, no alcohol",04:00,g,2052,200,0.0,tsp,1.0,4.2,200,Spices and Herbs
"Vanilla extract, imitation, no alcohol","Fatty acids, total saturated",g,2052,200,0.0,tsp,1.0,4.2,200,Spices and Herbs
"Vanilla extract, imitation, no alcohol",14:00,g,2052,200,0.0,tsp,1.0,4.2,200,Spices and Herbs
"Vanilla extract, imitation, no alcohol",20:5 n-3 (EPA),g,2052,200,0.0,tsp,1.0,4.2,200,Spices and Herbs
"Vanilla extract, imitation, no alcohol",18:00,g,2052,200,0.0,tsp,1.0,4.2,200,Spices and Herbs
"Vanilla extract, imitation, no alcohol",22:5 n-3 (DPA),g,2052,200,0.0,tsp,1.0,4.2,200,Spices and Herbs
"Vanilla extract, imitation, no alcohol","Fatty acids, total monounsaturated",g,2052,200,0.0,tsp,1.0,4.2,200,Spices and Herbs
"Vanilla extract, imitation, no alcohol",22:1 undifferentiated,g,2052,200,0.0,tsp,1.0,4.2,200,Spices and Herbs
"Vanilla extract, imitation, no alcohol",Energy,kcal,2052,200,56.0,tsp,1.0,4.2,200,Spices and Herbs
"Vanilla extract, imitation, no alcohol",Energy,kJ,2052,200,234.0,tsp,1.0,4.2,200,Spices and Herbs
"Vanilla extract, imitation, no alcohol","Cryptoxanthin, beta",µg,2052,200,0.0,tsp,1.0,4.2,200,Spices and Herbs
"Vanilla extract, imitation, no alcohol",Copper,mg,2052,200,0.003,tsp,1.0,4.2,200,Spices and Herbs
"Vanilla extract, imitation, no alcohol",Cholesterol,mg,2052,200,0.0,tsp,1.0,4.2,200,Spices and Herbs
"Vanilla extract, imitation, no alcohol","Carotene, beta",µg,2052,200,0.0,tsp,1.0,4.2,200,Spices and Herbs
"Vanilla extract, imitation, no alcohol",Choline,mg,2052,200,0.0,tsp,1.0,4.2,200,Spices and Herbs
"Vanilla extract, imitation, no alcohol",Carbohydrate,g,2052,200,14.4,tsp,1.0,4.2,200,Spices and Herbs
"Vanilla extract, imitation, no alcohol",Calcium,mg,2052,200,3.0,tsp,1.0,4.2,200,Spices and Herbs
"Vanilla extract, imitation, no alcohol",Caffeine,mg,2052,200,0.0,tsp,1.0,4.2,200,Spices and Herbs
"Vanilla extract, imitation, no alcohol",Alcohol,g,2052,200,0.0,tsp,1.0,4.2,200,Spices and Herbs
"Vanilla extract, imitation, no alcohol",22:6 n-3 (DHA),g,2052,200,0.0,tsp,1.0,4.2,200,Spices and Herbs
"Vanilla extract, imitation, no alcohol","Carotene, alpha",µg,2052,200,0.0,tsp,1.0,4.2,200,Spices and Herbs
"Vinegar, balsamic",Manganese,mg,2069,200,0.131,tbsp,1.0,16.0,200,Spices and Herbs
"Vinegar, balsamic",Phosphorus,mg,2069,200,19.0,tbsp,1.0,16.0,200,Spices and Herbs
"Vinegar, balsamic",Potassium,mg,2069,200,112.0,tbsp,1.0,16.0,200,Spices and Herbs
"Vinegar, balsamic",Protein,g,2069,200,0.49,tbsp,1.0,16.0,200,Spices and Herbs
"Vinegar, balsamic",Sodium,mg,2069,200,23.0,tbsp,1.0,16.0,200,Spices and Herbs
"Vinegar, balsamic",Total lipid (fat),g,2069,200,0.0,tbsp,1.0,16.0,200,Spices and Herbs
"Vinegar, balsamic","Sugars, total",g,2069,200,14.95,tbsp,1.0,16.0,200,Spices and Herbs
"Vinegar, balsamic",Total Water,g,2069,200,76.45,tbsp,1.0,16.0,200,Spices and Herbs
"Vinegar, balsamic",Vitamin A,µg,2069,200,0.0,tbsp,1.0,16.0,200,Spices and Herbs
"Vinegar, balsamic",Vitamin C,mg,2069,200,0.0,tbsp,1.0,16.0,200,Spices and Herbs
"Vinegar, balsamic",Maltose,g,2069,200,0.0,tbsp,1.0,16.0,200,Spices and Herbs
"Vinegar, balsamic",Sucrose,g,2069,200,0.0,tbsp,1.0,16.0,200,Spices and Herbs
"Vinegar, balsamic",Magnesium,mg,2069,200,12.0,tbsp,1.0,16.0,200,Spices and Herbs
"Vinegar, balsamic",Zinc,mg,2069,200,0.08,tbsp,1.0,16.0,200,Spices and Herbs
"Vinegar, balsamic",Iron,mg,2069,200,0.72,tbsp,1.0,16.0,200,Spices and Herbs
"Vinegar, balsamic",Lactose,g,2069,200,0.0,tbsp,1.0,16.0,200,Spices and Herbs
"Vinegar, balsamic",Calcium,mg,2069,200,27.0,tbsp,1.0,16.0,200,Spices and Herbs
"Vinegar, balsamic",Carbohydrate,g,2069,200,17.03,tbsp,1.0,16.0,200,Spices and Herbs
"Vinegar, balsamic",Copper,mg,2069,200,0.026,tbsp,1.0,16.0,200,Spices and Herbs
"Vinegar, balsamic",Energy,kJ,2069,200,369.0,tbsp,1.0,16.0,200,Spices and Herbs
"Vinegar, balsamic",Ash,g,2069,200,0.37,tbsp,1.0,16.0,200,Spices and Herbs
"Vinegar, balsamic","Fatty acids, total saturated",g,2069,200,0.0,tbsp,1.0,16.0,200,Spices and Herbs
"Vinegar, balsamic","Fatty acids, total trans",g,2069,200,0.0,tbsp,1.0,16.0,200,Spices and Herbs
"Vinegar, balsamic",Fructose,g,2069,200,7.38,tbsp,1.0,16.0,200,Spices and Herbs
"Vinegar, balsamic",Galactose,g,2069,200,0.0,tbsp,1.0,16.0,200,Spices and Herbs
"Vinegar, balsamic",Glucose (dextrose),g,2069,200,7.57,tbsp,1.0,16.0,200,Spices and Herbs
"Vinegar, balsamic",Energy,kcal,2069,200,88.0,tbsp,1.0,16.0,200,Spices and Herbs
"Vinegar, cider",Niacin,mg,2048,200,0.0,tbsp,1.0,14.9,200,Spices and Herbs
"Vinegar, cider",Retinol,µg,2048,200,0.0,tbsp,1.0,14.9,200,Spices and Herbs
"Vinegar, cider",Protein,g,2048,200,0.0,tbsp,1.0,14.9,200,Spices and Herbs
"Vinegar, cider",Proline,g,2048,200,0.0,tbsp,1.0,14.9,200,Spices and Herbs
"Vinegar, cider",Potassium,mg,2048,200,73.0,tbsp,1.0,14.9,200,Spices and Herbs
"Vinegar, cider",Phytosterols,mg,2048,200,0.0,tbsp,1.0,14.9,200,Spices and Herbs
"Vinegar, cider",Phosphorus,mg,2048,200,8.0,tbsp,1.0,14.9,200,Spices and Herbs
"Vinegar, cider",Phenylalanine,g,2048,200,0.0,tbsp,1.0,14.9,200,Spices and Herbs
"Vinegar, cider",Pantothenic Acid,mg,2048,200,0.0,tbsp,1.0,14.9,200,Spices and Herbs
"Vinegar, cider",Methionine,g,2048,200,0.0,tbsp,1.0,14.9,200,Spices and Herbs
"Vinegar, cider",Leucine,g,2048,200,0.0,tbsp,1.0,14.9,200,Spices and Herbs
"Vinegar, cider",Maltose,g,2048,200,0.0,tbsp,1.0,14.9,200,Spices and Herbs
"Vinegar, cider",Lysine,g,2048,200,0.0,tbsp,1.0,14.9,200,Spices and Herbs
"Vinegar, cider",Lycopene,µg,2048,200,0.0,tbsp,1.0,14.9,200,Spices and Herbs
"Vinegar, cider",Lutein + zeaxanthin,µg,2048,200,0.0,tbsp,1.0,14.9,200,Spices and Herbs
"Vinegar, cider",Riboflavin,mg,2048,200,0.0,tbsp,1.0,14.9,200,Spices and Herbs
"Vinegar, cider",Lactose,g,2048,200,0.0,tbsp,1.0,14.9,200,Spices and Herbs
"Vinegar, cider",Isoleucine,g,2048,200,0.0,tbsp,1.0,14.9,200,Spices and Herbs
"Vinegar, cider",Iron,mg,2048,200,0.2,tbsp,1.0,14.9,200,Spices and Herbs
"Vinegar, cider",Histidine,g,2048,200,0.0,tbsp,1.0,14.9,200,Spices and Herbs
"Vinegar, cider",Manganese,mg,2048,200,0.249,tbsp,1.0,14.9,200,Spices and Herbs
"Vinegar, cider",Selenium,µg,2048,200,0.1,tbsp,1.0,14.9,200,Spices and Herbs
"Vinegar, cider",Threonine,g,2048,200,0.0,tbsp,1.0,14.9,200,Spices and Herbs
"Vinegar, cider",Sodium,mg,2048,200,5.0,tbsp,1.0,14.9,200,Spices and Herbs
"Vinegar, cider",Zinc,mg,2048,200,0.04,tbsp,1.0,14.9,200,Spices and Herbs
"Vinegar, cider",Vitamin K,µg,2048,200,0.0,tbsp,1.0,14.9,200,Spices and Herbs
"Vinegar, cider","Vitamin E, added",mg,2048,200,0.0,tbsp,1.0,14.9,200,Spices and Herbs
"Vinegar, cider",Vitamin E,mg,2048,200,0.0,tbsp,1.0,14.9,200,Spices and Herbs
"Vinegar, cider",Vitamin D,µg,2048,200,0.0,tbsp,1.0,14.9,200,Spices and Herbs
"Vinegar, cider",Vitamin C,mg,2048,200,0.0,tbsp,1.0,14.9,200,Spices and Herbs
"Vinegar, cider",Vitamin B-6,mg,2048,200,0.0,tbsp,1.0,14.9,200,Spices and Herbs
"Vinegar, cider","Vitamin B-12, added",µg,2048,200,0.0,tbsp,1.0,14.9,200,Spices and Herbs
"Vinegar, cider",Vitamin B-12,µg,2048,200,0.0,tbsp,1.0,14.9,200,Spices and Herbs
"Vinegar, cider",Vitamin A,µg,2048,200,0.0,tbsp,1.0,14.9,200,Spices and Herbs
"Vinegar, cider",Valine,g,2048,200,0.0,tbsp,1.0,14.9,200,Spices and Herbs
"Vinegar, cider",Tyrosine,g,2048,200,0.0,tbsp,1.0,14.9,200,Spices and Herbs
"Vinegar, cider",Tryptophan,g,2048,200,0.0,tbsp,1.0,14.9,200,Spices and Herbs
"Vinegar, cider",Total lipid (fat),g,2048,200,0.0,tbsp,1.0,14.9,200,Spices and Herbs
"Vinegar, cider",Total Water,g,2048,200,93.81,tbsp,1.0,14.9,200,Spices and Herbs
"Vinegar, cider",Total Fiber,g,2048,200,0.0,tbsp,1.0,14.9,200,Spices and Herbs
"Vinegar, cider",Glycine,g,2048,200,0.0,tbsp,1.0,14.9,200,Spices and Herbs
"Vinegar, cider",Thiamin,mg,2048,200,0.0,tbsp,1.0,14.9,200,Spices and Herbs
"Vinegar, cider",Theobromine,mg,2048,200,0.0,tbsp,1.0,14.9,200,Spices and Herbs
"Vinegar, cider","Sugars, total",g,2048,200,0.4,tbsp,1.0,14.9,200,Spices and Herbs
"Vinegar, cider",Sucrose,g,2048,200,0.0,tbsp,1.0,14.9,200,Spices and Herbs
"Vinegar, cider",Serine,g,2048,200,0.0,tbsp,1.0,14.9,200,Spices and Herbs
"Vinegar, cider",Glutamic acid,g,2048,200,0.0,tbsp,1.0,14.9,200,Spices and Herbs
"Vinegar, cider",Magnesium,mg,2048,200,5.0,tbsp,1.0,14.9,200,Spices and Herbs
"Vinegar, cider",Galactose,g,2048,200,0.0,tbsp,1.0,14.9,200,Spices and Herbs
"Vinegar, cider",Alcohol,g,2048,200,0.0,tbsp,1.0,14.9,200,Spices and Herbs
"Vinegar, cider",Alanine,g,2048,200,0.0,tbsp,1.0,14.9,200,Spices and Herbs
"Vinegar, cider",22:6 n-3 (DHA),g,2048,200,0.0,tbsp,1.0,14.9,200,Spices and Herbs
"Vinegar, cider",22:5 n-3 (DPA),g,2048,200,0.0,tbsp,1.0,14.9,200,Spices and Herbs
"Vinegar, cider",22:1 undifferentiated,g,2048,200,0.0,tbsp,1.0,14.9,200,Spices and Herbs
"Vinegar, cider",20:5 n-3 (EPA),g,2048,200,0.0,tbsp,1.0,14.9,200,Spices and Herbs
"Vinegar, cider",20:4 undifferentiated,g,2048,200,0.0,tbsp,1.0,14.9,200,Spices and Herbs
"Vinegar, cider",20:01,g,2048,200,0.0,tbsp,1.0,14.9,200,Spices and Herbs
"Vinegar, cider",18:3 undifferentiated,g,2048,200,0.0,tbsp,1.0,14.9,200,Spices and Herbs
"Vinegar, cider",18:2 undifferentiated,g,2048,200,0.0,tbsp,1.0,14.9,200,Spices and Herbs
"Vinegar, cider",18:1 undifferentiated,g,2048,200,0.0,tbsp,1.0,14.9,200,Spices and Herbs
"Vinegar, cider",18:04,g,2048,200,0.0,tbsp,1.0,14.9,200,Spices and Herbs
"Vinegar, cider",18:00,g,2048,200,0.0,tbsp,1.0,14.9,200,Spices and Herbs
"Vinegar, cider",16:1 undifferentiated,g,2048,200,0.0,tbsp,1.0,14.9,200,Spices and Herbs
"Vinegar, cider",Glucose (dextrose),g,2048,200,0.1,tbsp,1.0,14.9,200,Spices and Herbs
"Vinegar, cider",14:00,g,2048,200,0.0,tbsp,1.0,14.9,200,Spices and Herbs
"Vinegar, cider",12:00,g,2048,200,0.0,tbsp,1.0,14.9,200,Spices and Herbs
"Vinegar, cider",10:00,g,2048,200,0.0,tbsp,1.0,14.9,200,Spices and Herbs
"Vinegar, cider",08:00,g,2048,200,0.0,tbsp,1.0,14.9,200,Spices and Herbs
"Vinegar, cider",06:00,g,2048,200,0.0,tbsp,1.0,14.9,200,Spices and Herbs
"Vinegar, cider",04:00,g,2048,200,0.0,tbsp,1.0,14.9,200,Spices and Herbs
"Vinegar, cider",Arginine,g,2048,200,0.0,tbsp,1.0,14.9,200,Spices and Herbs
"Vinegar, cider",Ash,g,2048,200,0.17,tbsp,1.0,14.9,200,Spices and Herbs
"Vinegar, cider",16:00,g,2048,200,0.0,tbsp,1.0,14.9,200,Spices and Herbs
"Vinegar, cider",Caffeine,mg,2048,200,0.0,tbsp,1.0,14.9,200,Spices and Herbs
"Vinegar, cider",Aspartic acid,g,2048,200,0.0,tbsp,1.0,14.9,200,Spices and Herbs
"Vinegar, cider",Fructose,g,2048,200,0.3,tbsp,1.0,14.9,200,Spices and Herbs
"Vinegar, cider",Folic acid,µg,2048,200,0.0,tbsp,1.0,14.9,200,Spices and Herbs
"Vinegar, cider","Folate, food",µg,2048,200,0.0,tbsp,1.0,14.9,200,Spices and Herbs
"Vinegar, cider",Folate,µg,2048,200,0.0,tbsp,1.0,14.9,200,Spices and Herbs
"Vinegar, cider","Fatty acids, total trans",g,2048,200,0.0,tbsp,1.0,14.9,200,Spices and Herbs
"Vinegar, cider","Fatty acids, total saturated",g,2048,200,0.0,tbsp,1.0,14.9,200,Spices and Herbs
"Vinegar, cider","Fatty acids, total polyunsaturated",g,2048,200,0.0,tbsp,1.0,14.9,200,Spices and Herbs
"Vinegar, cider","Fatty acids, total monounsaturated",g,2048,200,0.0,tbsp,1.0,14.9,200,Spices and Herbs
"Vinegar, cider",Energy,kcal,2048,200,21.0,tbsp,1.0,14.9,200,Spices and Herbs
"Vinegar, cider","Folate, DFE",µg,2048,200,0.0,tbsp,1.0,14.9,200,Spices and Herbs
"Vinegar, cider",Cystine,g,2048,200,0.0,tbsp,1.0,14.9,200,Spices and Herbs
"Vinegar, cider",Energy,kJ,2048,200,90.0,tbsp,1.0,14.9,200,Spices and Herbs
"Vinegar, cider",Carbohydrate,g,2048,200,0.93,tbsp,1.0,14.9,200,Spices and Herbs
"Vinegar, cider",Calcium,mg,2048,200,7.0,tbsp,1.0,14.9,200,Spices and Herbs
"Vinegar, cider","Carotene, beta",µg,2048,200,0.0,tbsp,1.0,14.9,200,Spices and Herbs
"Vinegar, cider","Carotene, alpha",µg,2048,200,0.0,tbsp,1.0,14.9,200,Spices and Herbs
"Vinegar, cider",Choline,mg,2048,200,0.0,tbsp,1.0,14.9,200,Spices and Herbs
"Vinegar, cider",Copper,mg,2048,200,0.008,tbsp,1.0,14.9,200,Spices and Herbs
"Vinegar, cider","Cryptoxanthin, beta",µg,2048,200,0.0,tbsp,1.0,14.9,200,Spices and Herbs
"Vinegar, cider",Cholesterol,mg,2048,200,0.0,tbsp,1.0,14.9,200,Spices and Herbs
"Vinegar, distilled",Protein,g,2053,200,0.0,tbsp,1.0,14.9,200,Spices and Herbs
"Vinegar, distilled",Potassium,mg,2053,200,2.0,tbsp,1.0,14.9,200,Spices and Herbs
"Vinegar, distilled",Phosphorus,mg,2053,200,4.0,tbsp,1.0,14.9,200,Spices and Herbs
"Vinegar, distilled",Retinol,µg,2053,200,0.0,tbsp,1.0,14.9,200,Spices and Herbs
"Vinegar, distilled",Pantothenic Acid,mg,2053,200,0.0,tbsp,1.0,14.9,200,Spices and Herbs
"Vinegar, distilled",Niacin,mg,2053,200,0.0,tbsp,1.0,14.9,200,Spices and Herbs
"Vinegar, distilled",Manganese,mg,2053,200,0.055,tbsp,1.0,14.9,200,Spices and Herbs
"Vinegar, distilled",Iron,mg,2053,200,0.03,tbsp,1.0,14.9,200,Spices and Herbs
"Vinegar, distilled",Lycopene,µg,2053,200,0.0,tbsp,1.0,14.9,200,Spices and Herbs
"Vinegar, distilled",Lutein + zeaxanthin,µg,2053,200,0.0,tbsp,1.0,14.9,200,Spices and Herbs
"Vinegar, distilled",Folic acid,µg,2053,200,0.0,tbsp,1.0,14.9,200,Spices and Herbs
"Vinegar, distilled","Folate, food",µg,2053,200,0.0,tbsp,1.0,14.9,200,Spices and Herbs
"Vinegar, distilled",Riboflavin,mg,2053,200,0.0,tbsp,1.0,14.9,200,Spices and Herbs
"Vinegar, distilled","Folate, DFE",µg,2053,200,0.0,tbsp,1.0,14.9,200,Spices and Herbs
"Vinegar, distilled",Magnesium,mg,2053,200,1.0,tbsp,1.0,14.9,200,Spices and Herbs
"Vinegar, distilled",Selenium,µg,2053,200,0.5,tbsp,1.0,14.9,200,Spices and Herbs
"Vinegar, distilled",Vitamin C,mg,2053,200,0.0,tbsp,1.0,14.9,200,Spices and Herbs
"Vinegar, distilled",Theobromine,mg,2053,200,0.0,tbsp,1.0,14.9,200,Spices and Herbs
"Vinegar, distilled",Folate,µg,2053,200,0.0,tbsp,1.0,14.9,200,Spices and Herbs
"Vinegar, distilled",Zinc,mg,2053,200,0.01,tbsp,1.0,14.9,200,Spices and Herbs
"Vinegar, distilled",Vitamin K,µg,2053,200,0.0,tbsp,1.0,14.9,200,Spices and Herbs
"Vinegar, distilled","Vitamin E, added",mg,2053,200,0.0,tbsp,1.0,14.9,200,Spices and Herbs
"Vinegar, distilled",Vitamin E,mg,2053,200,0.0,tbsp,1.0,14.9,200,Spices and Herbs
"Vinegar, distilled",Vitamin D,µg,2053,200,0.0,tbsp,1.0,14.9,200,Spices and Herbs
"Vinegar, distilled",Sodium,mg,2053,200,2.0,tbsp,1.0,14.9,200,Spices and Herbs
"Vinegar, distilled",Vitamin B-6,mg,2053,200,0.0,tbsp,1.0,14.9,200,Spices and Herbs
"Vinegar, distilled",Vitamin B-12,µg,2053,200,0.0,tbsp,1.0,14.9,200,Spices and Herbs
"Vinegar, distilled",Vitamin A,µg,2053,200,0.0,tbsp,1.0,14.9,200,Spices and Herbs
"Vinegar, distilled",Total lipid (fat),g,2053,200,0.0,tbsp,1.0,14.9,200,Spices and Herbs
"Vinegar, distilled",Total Water,g,2053,200,94.78,tbsp,1.0,14.9,200,Spices and Herbs
"Vinegar, distilled",Total Fiber,g,2053,200,0.0,tbsp,1.0,14.9,200,Spices and Herbs
"Vinegar, distilled",Thiamin,mg,2053,200,0.0,tbsp,1.0,14.9,200,Spices and Herbs
"Vinegar, distilled","Vitamin B-12, added",µg,2053,200,0.0,tbsp,1.0,14.9,200,Spices and Herbs
"Vinegar, distilled","Fatty acids, total trans",g,2053,200,0.0,tbsp,1.0,14.9,200,Spices and Herbs
"Vinegar, distilled","Sugars, total",g,2053,200,0.04,tbsp,1.0,14.9,200,Spices and Herbs
"Vinegar, distilled","Fatty acids, total polyunsaturated",g,2053,200,0.0,tbsp,1.0,14.9,200,Spices and Herbs
"Vinegar, distilled",20:4 undifferentiated,g,2053,200,0.0,tbsp,1.0,14.9,200,Spices and Herbs
"Vinegar, distilled",20:01,g,2053,200,0.0,tbsp,1.0,14.9,200,Spices and Herbs
"Vinegar, distilled",18:2 undifferentiated,g,2053,200,0.0,tbsp,1.0,14.9,200,Spices and Herbs
"Vinegar, distilled",18:1 undifferentiated,g,2053,200,0.0,tbsp,1.0,14.9,200,Spices and Herbs
"Vinegar, distilled",18:04,g,2053,200,0.0,tbsp,1.0,14.9,200,Spices and Herbs
"Vinegar, distilled",18:00,g,2053,200,0.0,tbsp,1.0,14.9,200,Spices and Herbs
"Vinegar, distilled","Fatty acids, total saturated",g,2053,200,0.0,tbsp,1.0,14.9,200,Spices and Herbs
"Vinegar, distilled",16:1 undifferentiated,g,2053,200,0.0,tbsp,1.0,14.9,200,Spices and Herbs
"Vinegar, distilled",14:00,g,2053,200,0.0,tbsp,1.0,14.9,200,Spices and Herbs
"Vinegar, distilled",12:00,g,2053,200,0.0,tbsp,1.0,14.9,200,Spices and Herbs
"Vinegar, distilled",10:00,g,2053,200,0.0,tbsp,1.0,14.9,200,Spices and Herbs
"Vinegar, distilled",08:00,g,2053,200,0.0,tbsp,1.0,14.9,200,Spices and Herbs
"Vinegar, distilled",06:00,g,2053,200,0.0,tbsp,1.0,14.9,200,Spices and Herbs
"Vinegar, distilled",04:00,g,2053,200,0.0,tbsp,1.0,14.9,200,Spices and Herbs
"Vinegar, distilled",16:00,g,2053,200,0.0,tbsp,1.0,14.9,200,Spices and Herbs
"Vinegar, distilled",20:5 n-3 (EPA),g,2053,200,0.0,tbsp,1.0,14.9,200,Spices and Herbs
"Vinegar, distilled",18:3 undifferentiated,g,2053,200,0.0,tbsp,1.0,14.9,200,Spices and Herbs
"Vinegar, distilled",22:5 n-3 (DPA),g,2053,200,0.0,tbsp,1.0,14.9,200,Spices and Herbs
"Vinegar, distilled","Fatty acids, total monounsaturated",g,2053,200,0.0,tbsp,1.0,14.9,200,Spices and Herbs
"Vinegar, distilled",Energy,kcal,2053,200,18.0,tbsp,1.0,14.9,200,Spices and Herbs
"Vinegar, distilled",Energy,kJ,2053,200,76.0,tbsp,1.0,14.9,200,Spices and Herbs
"Vinegar, distilled",22:1 undifferentiated,g,2053,200,0.0,tbsp,1.0,14.9,200,Spices and Herbs
"Vinegar, distilled",Copper,mg,2053,200,0.006,tbsp,1.0,14.9,200,Spices and Herbs
"Vinegar, distilled",Choline,mg,2053,200,0.0,tbsp,1.0,14.9,200,Spices and Herbs
"Vinegar, distilled",Cholesterol,mg,2053,200,0.0,tbsp,1.0,14.9,200,Spices and Herbs
"Vinegar, distilled","Carotene, beta",µg,2053,200,0.0,tbsp,1.0,14.9,200,Spices and Herbs
"Vinegar, distilled","Cryptoxanthin, beta",µg,2053,200,0.0,tbsp,1.0,14.9,200,Spices and Herbs
"Vinegar, distilled",Carbohydrate,g,2053,200,0.04,tbsp,1.0,14.9,200,Spices and Herbs
"Vinegar, distilled",Calcium,mg,2053,200,6.0,tbsp,1.0,14.9,200,Spices and Herbs
"Vinegar, distilled",Caffeine,mg,2053,200,0.0,tbsp,1.0,14.9,200,Spices and Herbs
"Vinegar, distilled",Ash,g,2053,200,0.02,tbsp,1.0,14.9,200,Spices and Herbs
"Vinegar, distilled",Alcohol,g,2053,200,0.0,tbsp,1.0,14.9,200,Spices and Herbs
"Vinegar, distilled",22:6 n-3 (DHA),g,2053,200,0.0,tbsp,1.0,14.9,200,Spices and Herbs
"Vinegar, distilled","Carotene, alpha",µg,2053,200,0.0,tbsp,1.0,14.9,200,Spices and Herbs
"Vinegar, red wine",Protein,g,2068,200,0.04,tbsp,1.0,14.9,200,Spices and Herbs
"Vinegar, red wine",Sodium,mg,2068,200,8.0,tbsp,1.0,14.9,200,Spices and Herbs
"Vinegar, red wine","Sugars, total",g,2068,200,0.0,tbsp,1.0,14.9,200,Spices and Herbs
"Vinegar, red wine",Total Fiber,g,2068,200,0.0,tbsp,1.0,14.9,200,Spices and Herbs
"Vinegar, red wine",Vitamin C,mg,2068,200,0.5,tbsp,1.0,14.9,200,Spices and Herbs
"Vinegar, red wine",Total lipid (fat),g,2068,200,0.0,tbsp,1.0,14.9,200,Spices and Herbs
"Vinegar, red wine",Vitamin A,µg,2068,200,0.0,tbsp,1.0,14.9,200,Spices and Herbs
"Vinegar, red wine",Zinc,mg,2068,200,0.03,tbsp,1.0,14.9,200,Spices and Herbs
"Vinegar, red wine",Potassium,mg,2068,200,39.0,tbsp,1.0,14.9,200,Spices and Herbs
"Vinegar, red wine",Total Water,g,2068,200,94.47,tbsp,1.0,14.9,200,Spices and Herbs
"Vinegar, red wine",Phosphorus,mg,2068,200,8.0,tbsp,1.0,14.9,200,Spices and Herbs
"Vinegar, red wine",Energy,kcal,2068,200,19.0,tbsp,1.0,14.9,200,Spices and Herbs
"Vinegar, red wine",Magnesium,mg,2068,200,4.0,tbsp,1.0,14.9,200,Spices and Herbs
"Vinegar, red wine",Iron,mg,2068,200,0.45,tbsp,1.0,14.9,200,Spices and Herbs
"Vinegar, red wine","Fatty acids, total trans",g,2068,200,0.0,tbsp,1.0,14.9,200,Spices and Herbs
"Vinegar, red wine","Fatty acids, total saturated",g,2068,200,0.0,tbsp,1.0,14.9,200,Spices and Herbs
"Vinegar, red wine",Energy,kJ,2068,200,79.0,tbsp,1.0,14.9,200,Spices and Herbs
"Vinegar, red wine",Copper,mg,2068,200,0.01,tbsp,1.0,14.9,200,Spices and Herbs
"Vinegar, red wine",Carbohydrate,g,2068,200,0.27,tbsp,1.0,14.9,200,Spices and Herbs
"Vinegar, red wine",Calcium,mg,2068,200,6.0,tbsp,1.0,14.9,200,Spices and Herbs
"Vinegar, red wine",Ash,g,2068,200,0.17,tbsp,1.0,14.9,200,Spices and Herbs
"Vinegar, red wine",Manganese,mg,2068,200,0.046,tbsp,1.0,14.9,200,Spices and Herbs
